-0.4 1e-08 0 31.1899889 s
-0.4 1e-08 0 27.2560289 s
-0.4 1e-08 0 1.424932 s
-0.4 1e-08 0 1.02868199 s
-0.4 1e-08 0 1.03641701 s
-0.4 1e-08 0 1.02959681 s
-0.4 1e-08 0 1.15155721 s
-0.4 1e-08 0 1.10820889 s
-0.4 1e-08 0 0.789170027 s
-0.4 1e-08 0 1.01262212 s
-0.4 1e-08 0.875 0.837306023 s
-0.4 1e-08 0 0.78745389 s
-0.4 1e-08 0 0.682476044 s
-0.4 1e-08 0.875 0.747332096 s
-0.4 1e-08 0.875 0.796279192 s
-0.4 1e-08 0.875 0.796039104 s
-0.4 1e-08 0.875 0.795572042 s
-0.4 1e-08 0.9375 0.802815914 s
-0.4 1e-08 0.96875 0.794797897 s
-0.4 1e-08 0.96875 0.794424057 s
-0.4 1e-08 0.875 0.798707008 s
-0.4 1e-08 1 0.445802927 s
-0.4 1e-08 0 0.50830698 s
-0.4 1e-08 0 0.507539034 s
-0.4 1e-08 0.875 0.699366093 s
-0.4 1e-08 0 0.50748992 s
-0.4 1e-08 1 0.759870768 s
-0.4 1e-08 0.875 0.783579111 s
-0.4 1e-08 0.875 0.783592939 s
-0.4 1e-08 1 0.759778976 s
-0.4 1e-08 1 0.759566069 s
-0.4 1e-08 1 0.759570122 s
-0.4 1e-08 1 0.67145896 s
0.4 1e-08 0 0.64983201 s
0.4 1e-08 0 0.649935007 s
0.4 1e-08 0 0.653424978 s
0.4 1e-08 0 0.653414965 s
-0.4 1e-08 1 0.67605114 s
-0.4 1e-08 1 0.675124884 s
-0.4 1e-08 1 0.675318003 s
-0.4 1e-08 0.90625 0.747570992 s
-0.4 1e-08 0.90625 0.786884069 s
-0.4 1e-08 1 0.762647152 s
-0.4 1.5e-09 9.15527344e-05 0.339354992 s
-0.4 2e-09 0.0174560547 0.450359106 s
-0.4 2.5e-09 0.166564941 0.563462973 s
-0.4 3e-09 0.437835693 0.679877043 s
-0.4 3.5e-09 0.68522644 0.796197891 s
-0.4 4e-09 0.837051392 0.909280062 s
-0.4 4.5e-09 0.916519165 1.01939487 s
-0.4 5e-09 0.960189819 1.13680196 s
-0.4 5.5e-09 0.980560303 1.24561596 s
-0.4 6e-09 0.991043091 1.35455179 s
-0.4 6.5e-09 0.995559692 1.4686141 s
-0.4 7e-09 0.998168945 1.57725501 s
-0.4 7.5e-09 0.998962402 1.69031405 s
-0.4 8e-09 0.999603271 1.79509521 s
-0.4 8.5e-09 0.999740601 1.90458012 s
-0.4 9e-09 0.999923706 2.01341605 s
-0.4 9.5e-09 0.999969482 2.11943603 s
-0.4 1e-08 0.999969482 2.24095392 s
-0.4 1.05e-08 0.999984741 2.33754277 s
-0.4 1.1e-08 1 2.45908499 s
-0.4 1.15e-08 1 2.56637216 s
-0.4 1.2e-08 1 2.66428185 s
-0.5 1.5e-09 0.00434875488 0.339592934 s
-0.5 2e-09 0.171325684 0.452683926 s
-0.5 2.5e-09 0.548934937 0.567875862 s
-0.5 3e-09 0.810943604 0.682821989 s
-0.5 3.5e-09 0.930160522 0.798792124 s
-0.5 4e-09 0.974502563 0.910284042 s
-0.5 4.5e-09 0.99079895 1.02258706 s
-0.5 5e-09 0.997116089 1.13280582 s
-0.5 5.5e-09 0.999069214 1.24374104 s
-0.5 6e-09 0.999649048 1.35453916 s
-0.5 6.5e-09 0.99987793 1.46371698 s
-0.5 7e-09 0.999984741 1.57126403 s
-0.5 7.5e-09 0.999969482 1.67774582 s
-0.5 8e-09 1 1.78859115 s
-0.5 8.5e-09 0.999984741 1.90153217 s
-0.5 9e-09 1 2.01077986 s
-0.5 9.5e-09 1 2.11889982 s
-0.5 1e-08 1 2.23068094 s
-0.5 1.05e-08 1 2.34173989 s
-0.5 1.1e-08 1 2.44774413 s
-0.5 1.15e-08 1 2.55873299 s
-0.5 1.2e-08 1 2.66904497 s
-0.6 1.5e-09 0.0489349365 0.341617107 s
-0.6 2e-09 0.461349487 0.457370043 s
-0.6 2.5e-09 0.815551758 0.57463789 s
-0.6 3e-09 0.94883728 0.691724062 s
-0.6 3.5e-09 0.985336304 0.807702065 s
-0.6 4e-09 0.996185303 0.92018795 s
-0.6 4.5e-09 0.99887085 1.03050184 s
-0.6 5e-09 0.999664307 1.14067888 s
-0.6 5.5e-09 0.999908447 1.25153899 s
-0.6 6e-09 1 1.36027217 s
-0.6 6.5e-09 0.999984741 1.46759796 s
-0.6 7e-09 1 1.58112502 s
-0.6 7.5e-09 1 1.68834591 s
-0.6 8e-09 1 1.79682302 s
-0.6 8.5e-09 1 1.90824699 s
-0.6 9e-09 1 2.02121305 s
-0.6 9.5e-09 1 2.13068485 s
-0.6 1e-08 1 2.24270582 s
-0.6 1.05e-08 1 2.35243607 s
-0.6 1.1e-08 1 2.46043706 s
-0.6 1.15e-08 1 2.57009292 s
-0.6 1.2e-08 1 2.67832279 s
-0.7 1.5e-09 0.171768188 0.348608017 s
-0.7 2e-09 0.701675415 0.464880943 s
-0.7 2.5e-09 0.928833008 0.583718061 s
-0.7 3e-09 0.985153198 0.698987007 s
-0.7 3.5e-09 0.996994019 0.810199976 s
-0.7 4e-09 0.99937439 0.924024105 s
-0.7 4.5e-09 0.99987793 1.03658414 s
-0.7 5e-09 0.999969482 1.14556909 s
-0.7 5.5e-09 1 1.25539207 s
-0.7 6e-09 1 1.36691594 s
-0.7 6.5e-09 1 1.47895002 s
-0.7 7e-09 1 1.58989716 s
-0.7 7.5e-09 1 1.69984889 s
-0.7 8e-09 1 1.81059813 s
-0.7 8.5e-09 1 1.92067909 s
-0.7 9e-09 1 2.03364611 s
-0.7 9.5e-09 1 2.14933991 s
-0.7 1e-08 1 2.25303197 s
-0.7 1.05e-08 1 2.36596394 s
-0.7 1.1e-08 1 2.47579503 s
-0.7 1.15e-08 1 2.58758187 s
-0.7 1.2e-08 1 2.69651198 s
-0.8 1.5e-09 0.340118408 0.349895 s
-0.8 2e-09 0.835357666 0.469881058 s
-0.8 2.5e-09 0.97038269 0.584745884 s
-0.8 3e-09 0.995117188 0.697957993 s
-0.8 3.5e-09 0.999160767 0.810345888 s
-0.8 4e-09 0.999862671 0.920012951 s
-0.8 4.5e-09 1 1.03196001 s
-0.8 5e-09 1 1.14343691 s
-0.8 5.5e-09 1 1.25499797 s
-0.8 6e-09 1 1.36325884 s
-0.8 6.5e-09 1 1.47305083 s
-0.8 7e-09 1 1.58595419 s
-0.8 7.5e-09 1 1.6965239 s
-0.8 8e-09 1 1.80558109 s
-0.8 8.5e-09 1 1.917624 s
-0.8 9e-09 1 2.02765298 s
-0.8 9.5e-09 1 2.14660501 s
-0.8 1e-08 1 2.25283289 s
-0.8 1.05e-08 1 2.35900998 s
-0.8 1.1e-08 1 2.46867418 s
-0.8 1.15e-08 1 2.58771801 s
-0.8 1.2e-08 1 2.69809604 s
-0.9 1.5e-09 0.487014771 0.354161978 s
-0.9 2e-09 0.905151367 0.470571995 s
-0.9 2.5e-09 0.986190796 0.587141037 s
-0.9 3e-09 0.998031616 0.701379061 s
-0.9 3.5e-09 0.999816895 0.81091404 s
-0.9 4e-09 0.999984741 0.923388004 s
-0.9 4.5e-09 1 1.03258395 s
-0.9 5e-09 0.999984741 1.15011716 s
-0.9 5.5e-09 1 1.25697088 s
-0.9 6e-09 1 1.36417103 s
-0.9 6.5e-09 1 1.47913098 s
-0.9 7e-09 1 1.582546 s
-0.9 7.5e-09 1 1.69848299 s
-0.9 8e-09 1 1.80602288 s
-0.9 8.5e-09 1 1.92335916 s
-0.9 9e-09 1 2.03125715 s
-0.9 9.5e-09 1 2.14193702 s
-0.9 1e-08 1 2.25371504 s
-0.9 1.05e-08 1 2.36361194 s
-0.9 1.1e-08 1 2.47400308 s
-0.9 1.15e-08 1 2.58410001 s
-0.9 1.2e-08 1 2.69445992 s
-0.4 9.5e-09 0.999952316 33.9872079 s
-0.4 1e-08 0.999980927 35.7768641 s
-0.4 1.05e-08 0.99998951 37.505338 s
-0.4 1.1e-08 0.999997139 39.2600629 s
-0.4 1.15e-08 0.999996185 41.0621581 s
-0.4 1.2e-08 0.999999046 42.7892978 s
-0.5 7e-09 0.999958992 25.1625688 s
-0.5 7.5e-09 0.99998188 26.9177308 s
-0.5 8e-09 0.999991417 28.690577 s
-0.5 8.5e-09 0.999996185 30.4636738 s
-0.5 9e-09 0.999997139 32.2158959 s
-0.5 9.5e-09 1 33.9898999 s
-0.5 1e-08 1 35.8099949 s
-0.5 1.05e-08 1 37.5612459 s
-0.5 1.1e-08 1 39.328511 s
-0.5 1.15e-08 1 41.079221 s
-0.5 1.2e-08 1 42.8369648 s
-0.6 6e-09 0.999983788 21.797492 s
-0.6 6.5e-09 0.999995232 23.5849509 s
-0.6 7e-09 0.999999046 25.319005 s
-0.6 7.5e-09 1 27.090327 s
-0.6 8e-09 1 28.8618371 s
-0.6 8.5e-09 1 30.638715 s
-0.6 9e-09 1 32.4151628 s
-0.6 9.5e-09 1 34.177736 s
-0.6 1e-08 1 35.9652071 s
-0.6 1.05e-08 1 37.7190762 s
-0.6 1.1e-08 1 39.474812 s
-0.6 1.15e-08 1 41.260603 s
-0.6 1.2e-08 1 43.0170639 s
-0.7 5e-09 0.999961853 18.3596292 s
-0.7 5.5e-09 0.999995232 20.169292 s
-0.7 6e-09 1 21.9119449 s
-0.7 6.5e-09 1 23.728193 s
-0.7 7e-09 1 25.5334232 s
-0.7 7.5e-09 1 27.2470601 s
-0.7 8e-09 1 29.076386 s
-0.7 8.5e-09 1 30.857312 s
-0.7 9e-09 1 32.627156 s
-0.7 9.5e-09 1 34.3752601 s
-0.7 1e-08 1 36.1910889 s
-0.7 1.05e-08 1 37.955302 s
-0.7 1.1e-08 1 39.715817 s
-0.7 1.15e-08 1 41.536694 s
-0.7 1.2e-08 1 43.277488 s
-0.8 4.5e-09 0.999980927 16.503221 s
-0.8 5e-09 0.999995232 18.307941 s
-0.8 5.5e-09 1 20.086376 s
-0.8 6e-09 0.999999046 21.8752191 s
-0.8 6.5e-09 1 23.6260712 s
-0.8 7e-09 1 25.428442 s
-0.8 7.5e-09 1 27.2206919 s
-0.8 8e-09 1 28.946007 s
-0.8 8.5e-09 1 30.7345729 s
-0.8 9e-09 1 32.5489979 s
-0.8 9.5e-09 1 34.292388 s
-0.8 1e-08 1 36.059546 s
-0.8 1.05e-08 1 37.8893199 s
-0.8 1.1e-08 1 39.653861 s
-0.8 1.15e-08 1 41.3996661 s
-0.8 1.2e-08 1 43.2104468 s
-0.9 4e-09 0.999965668 14.7517331 s
-0.9 4.5e-09 0.999995232 16.5940111 s
-0.9 5e-09 0.999998093 18.374249 s
-0.9 5.5e-09 1 20.1269121 s
-0.9 6e-09 1 21.9491069 s
-0.9 6.5e-09 1 23.6948521 s
-0.9 7e-09 1 25.4914229 s
-0.9 7.5e-09 1 27.2587361 s
-0.9 8e-09 1 29.0460639 s
-0.9 8.5e-09 1 30.8152819 s
-0.9 9e-09 1 32.5530601 s
-0.9 9.5e-09 1 34.372858 s
-0.9 1e-08 1 36.160147 s
-0.9 1.05e-08 1 37.8770092 s
-0.9 1.1e-08 1 39.686631 s
-0.9 1.15e-08 1 41.4343221 s
-0.9 1.2e-08 1 43.20751 s
-0.4 1.1e-08 0.999994087 393.932974 s
-0.4 1.15e-08 0.999996758 411.384239 s
-0.4 1.2e-08 0.999999142 429.106685 s
-0.5 8e-09 0.999992561 287.230457 s
-0.5 8.5e-09 0.999998283 304.979847 s
-0.5 9e-09 0.999998569 322.580955 s
-0.5 9.5e-09 0.999999809 340.232462 s
-0.5 1e-08 0.999999809 357.936717 s
-0.5 1.05e-08 1 375.547794 s
-0.5 1.1e-08 1 393.243736 s
-0.5 1.15e-08 1 410.868254 s
-0.4 1.5e-09 9.15527344e-05 0.353971004 s
-0.4 2e-09 0.0174560547 0.450433016 s
-0.4 2.5e-09 0.166564941 0.563873053 s
-0.4 3e-09 0.437835693 0.68006897 s
-0.4 3.5e-09 0.68522644 0.797732115 s
-0.4 4e-09 0.837051392 0.908218145 s
-0.4 4.5e-09 0.916519165 1.02109814 s
-0.4 5e-09 0.960189819 1.13438797 s
-0.4 5.5e-09 0.980560303 1.24698091 s
-0.4 6e-09 0.991043091 1.35668898 s
-0.4 6.5e-09 0.995559692 1.46906996 s
-0.4 7e-09 0.998168945 1.57663417 s
-0.4 7.5e-09 0.998962402 1.68888187 s
-0.4 8e-09 0.999603271 1.79543614 s
-0.4 8.5e-09 0.999740601 1.90738487 s
-0.4 9e-09 0.999923706 2.01535487 s
-0.4 9.5e-09 0.999969482 2.11967516 s
-0.4 1e-08 0.999969482 2.23696089 s
-0.4 1.05e-08 0.999984741 2.34366989 s
-0.4 1.1e-08 1 2.45487595 s
-0.4 1.15e-08 1 2.56027699 s
-0.4 1.2e-08 1 2.6712029 s
-0.5 1.5e-09 0.00434875488 0.339472055 s
-0.5 2e-09 0.171325684 0.453510046 s
-0.5 2.5e-09 0.548934937 0.567566156 s
-0.5 3e-09 0.810943604 0.682326794 s
-0.5 3.5e-09 0.930160522 0.797205925 s
-0.5 4e-09 0.974502563 0.909830093 s
-0.5 4.5e-09 0.99079895 1.02292395 s
-0.5 5e-09 0.997116089 1.13158298 s
-0.5 5.5e-09 0.999069214 1.238554 s
-0.5 6e-09 0.999649048 1.35160303 s
-0.5 6.5e-09 0.99987793 1.46317601 s
-0.5 7e-09 0.999984741 1.56870484 s
-0.5 7.5e-09 0.999969482 1.67614317 s
-0.5 8e-09 1 1.78872013 s
-0.5 8.5e-09 0.999984741 1.89828682 s
-0.5 9e-09 1 2.00769091 s
-0.5 9.5e-09 1 2.11708093 s
-0.5 1e-08 1 2.22682285 s
-0.5 1.05e-08 1 2.33710003 s
-0.5 1.1e-08 1 2.44736195 s
-0.5 1.15e-08 1 2.55682993 s
-0.5 1.2e-08 1 2.66596413 s
-0.6 1.5e-09 0.0489349365 0.340626001 s
-0.6 2e-09 0.461349487 0.456539869 s
-0.6 2.5e-09 0.815551758 0.575742006 s
-0.6 3e-09 0.94883728 0.691033125 s
-0.6 3.5e-09 0.985336304 0.807003021 s
-0.6 4e-09 0.996185303 0.918190002 s
-0.6 4.5e-09 0.99887085 1.03003788 s
-0.6 5e-09 0.999664307 1.14120293 s
-0.6 5.5e-09 0.999908447 1.24996781 s
-0.6 6e-09 1 1.36221504 s
-0.6 6.5e-09 0.999984741 1.46850204 s
-0.6 7e-09 1 1.57648706 s
-0.6 7.5e-09 1 1.68855715 s
-0.6 8e-09 1 1.79618597 s
-0.6 8.5e-09 1 1.90725899 s
-0.6 9e-09 1 2.01911783 s
-0.6 9.5e-09 1 2.12866998 s
-0.6 1e-08 1 2.23892999 s
-0.6 1.05e-08 1 2.34477782 s
-0.6 1.1e-08 1 2.45611405 s
-0.6 1.15e-08 1 2.56725407 s
-0.6 1.2e-08 1 2.67609787 s
-0.7 1.5e-09 0.171768188 0.347357035 s
-0.7 2e-09 0.701675415 0.465502024 s
-0.7 2.5e-09 0.928833008 0.58268404 s
-0.7 3e-09 0.985153198 0.697540998 s
-0.7 3.5e-09 0.996994019 0.809536934 s
-0.7 4e-09 0.99937439 0.919085979 s
-0.7 4.5e-09 0.99987793 1.03422689 s
-0.7 5e-09 0.999969482 1.14459896 s
-0.7 5.5e-09 1 1.26061702 s
-0.7 6e-09 1 1.367661 s
-0.7 6.5e-09 1 1.47804999 s
-0.7 7e-09 1 1.58834982 s
-0.7 7.5e-09 1 1.70247197 s
-0.7 8e-09 1 1.80769992 s
-0.7 8.5e-09 1 1.9183228 s
-0.7 9e-09 1 2.03718615 s
-0.7 9.5e-09 1 2.14214802 s
-0.7 1e-08 1 2.2527101 s
-0.7 1.05e-08 1 2.36478686 s
-0.7 1.1e-08 1 2.47249913 s
-0.7 1.15e-08 1 2.586061 s
-0.7 1.2e-08 1 2.69551396 s
-0.8 1.5e-09 0.340118408 0.348663092 s
-0.8 2e-09 0.835357666 0.466422081 s
-0.8 2.5e-09 0.97038269 0.584789991 s
-0.8 3e-09 0.995117188 0.698127031 s
-0.8 3.5e-09 0.999160767 0.809087038 s
-0.8 4e-09 0.999862671 0.921823978 s
-0.8 4.5e-09 1 1.03119397 s
-0.8 5e-09 1 1.14296913 s
-0.8 5.5e-09 1 1.25387597 s
-0.8 6e-09 1 1.36387205 s
-0.8 6.5e-09 1 1.47364902 s
-0.8 7e-09 1 1.58667111 s
-0.8 7.5e-09 1 1.69566607 s
-0.8 8e-09 1 1.80715919 s
-0.8 8.5e-09 1 1.91897297 s
-0.8 9e-09 1 2.02607203 s
-0.8 9.5e-09 1 2.14501595 s
-0.8 1e-08 1 2.2520299 s
-0.8 1.05e-08 1 2.36040092 s
-0.8 1.1e-08 1 2.47032785 s
-0.8 1.15e-08 1 2.58259106 s
-0.8 1.2e-08 1 2.69442105 s
-0.9 1.5e-09 0.487014771 0.352911949 s
-0.9 2e-09 0.905151367 0.471273184 s
-0.9 2.5e-09 0.986190796 0.587628841 s
-0.9 3e-09 0.998031616 0.70092392 s
-0.9 3.5e-09 0.999816895 0.809978962 s
-0.9 4e-09 0.999984741 0.922716141 s
-0.9 4.5e-09 1 1.03067994 s
-0.9 5e-09 0.999984741 1.14648104 s
-0.9 5.5e-09 1 1.25420785 s
-0.9 6e-09 1 1.36983204 s
-0.9 6.5e-09 1 1.47533894 s
-0.9 7e-09 1 1.58528495 s
-0.9 7.5e-09 1 1.69770598 s
-0.9 8e-09 1 1.80960298 s
-0.9 8.5e-09 1 1.92093492 s
-0.9 9e-09 1 2.02823901 s
-0.9 9.5e-09 1 2.14837694 s
-0.9 1e-08 1 2.25665998 s
-0.9 1.05e-08 1 2.35602498 s
-0.9 1.1e-08 1 2.47762799 s
-0.9 1.15e-08 1 2.58285594 s
-0.9 1.2e-08 1 2.69988418 s
-0.4 9e-09 0.999895096 32.289185 s
-0.4 9.5e-09 0.999952316 34.0180831 s
-0.4 1e-08 0.999980927 35.799485 s
-0.4 1.05e-08 0.99998951 37.5699251 s
-0.4 1.1e-08 0.999997139 39.302844 s
-0.4 1.15e-08 0.999996185 41.0787151 s
-0.4 1.2e-08 0.999999046 42.8393381 s
-0.5 7e-09 0.999958992 25.1922951 s
-0.5 7.5e-09 0.99998188 26.9215431 s
-0.5 8e-09 0.999991417 28.7379389 s
-0.5 8.5e-09 0.999996185 30.507885 s
-0.5 9e-09 0.999997139 32.2066998 s
-0.5 9.5e-09 1 34.0326769 s
-0.5 1e-08 1 35.796057 s
-0.5 1.05e-08 1 37.5323899 s
-0.5 1.1e-08 1 39.2802961 s
-0.5 1.15e-08 1 41.056742 s
-0.5 1.2e-08 1 42.813257 s
-0.6 5.5e-09 0.999930382 20.047642 s
-0.6 6e-09 0.999983788 21.8075321 s
-0.6 6.5e-09 0.999995232 23.5960808 s
-0.6 7e-09 0.999999046 25.3983719 s
-0.6 7.5e-09 1 27.1549551 s
-0.6 8e-09 1 28.9167218 s
-0.6 8.5e-09 1 30.685708 s
-0.6 9e-09 1 32.3834569 s
-0.6 9.5e-09 1 34.251538 s
-0.6 1e-08 1 35.9945319 s
-0.6 1.05e-08 1 37.7023602 s
-0.6 1.1e-08 1 39.5349729 s
-0.6 1.15e-08 1 41.2049482 s
-0.6 1.2e-08 1 43.09095 s
-0.7 5e-09 0.999961853 18.3745551 s
-0.7 5.5e-09 0.999995232 20.1859262 s
-0.7 6e-09 1 21.9474509 s
-0.7 6.5e-09 1 23.7488289 s
-0.7 7e-09 1 25.536782 s
-0.7 7.5e-09 1 27.2799599 s
-0.7 8e-09 1 29.0687432 s
-0.7 8.5e-09 1 30.8435831 s
-0.7 9e-09 1 32.633642 s
-0.7 9.5e-09 1 34.3898282 s
-0.7 1e-08 1 36.1837621 s
-0.7 1.05e-08 1 37.9680049 s
-0.7 1.1e-08 1 39.719244 s
-0.7 1.15e-08 1 41.4640601 s
-0.7 1.2e-08 1 43.284946 s
-0.8 4.5e-09 0.999980927 16.532553 s
-0.8 5e-09 0.999995232 18.3249192 s
-0.8 5.5e-09 1 20.1239271 s
-0.8 6e-09 0.999999046 21.8999798 s
-0.8 6.5e-09 1 23.706053 s
-0.8 7e-09 1 25.39062 s
-0.8 7.5e-09 1 27.1949141 s
-0.8 8e-09 1 28.9193652 s
-0.8 8.5e-09 1 30.7092569 s
-0.8 9e-09 1 32.524698 s
-0.8 9.5e-09 1 34.2736259 s
-0.8 1e-08 1 36.078948 s
-0.8 1.05e-08 1 37.8322361 s
-0.8 1.1e-08 1 39.5684109 s
-0.8 1.15e-08 1 41.3505418 s
-0.8 1.2e-08 1 43.170367 s
-0.9 4e-09 0.999965668 14.764148 s
-0.9 4.5e-09 0.999995232 16.5676758 s
-0.9 5e-09 0.999998093 18.3888192 s
-0.9 5.5e-09 1 20.1440699 s
-0.9 6e-09 1 21.947135 s
-0.9 6.5e-09 1 23.7381232 s
-0.9 7e-09 1 25.46857 s
-0.9 7.5e-09 1 27.3077381 s
-0.9 8e-09 1 29.078423 s
-0.9 8.5e-09 1 30.8502581 s
-0.9 9e-09 1 32.570487 s
-0.9 9.5e-09 1 34.3925941 s
-0.9 1e-08 1 36.125782 s
-0.9 1.05e-08 1 37.9433022 s
-0.9 1.1e-08 1 39.787137 s
-0.9 1.15e-08 1 41.4467561 s
-0.9 1.2e-08 1 43.142525 s
-0.4 1.1e-08 0.999994087 393.386845 s
-0.4 1.15e-08 0.999996758 411.0405 s
-0.4 1.2e-08 0.999999142 428.614012 s
-0.5 8e-09 0.999992561 287.702666 s
-0.5 8.5e-09 0.999998283 305.431119 s
-0.5 9e-09 0.999998569 323.037286 s
-0.5 9.5e-09 0.999999809 340.815835 s
-0.5 1e-08 0.999999809 358.503767 s
-0.5 1.05e-08 1 376.160902 s
-0.5 1.1e-08 1 393.89944 s
-0.5 1.15e-08 1 410.667934 s
-0.5 1.2e-08 1 428.398241 s
-0.6 6.5e-09 0.999994373 236.024298 s
-0.6 7e-09 0.999998951 253.834839 s
-0.6 7.5e-09 0.999999714 271.469123 s
-0.6 8e-09 0.999999809 289.258052 s
-0.6 8.5e-09 1 307.065001 s
-0.6 9e-09 1 324.653349 s
-0.6 9.5e-09 1 342.408474 s
-0.6 1e-08 1 361.269068 s
-0.6 1.05e-08 1 378.312315 s
-0.6 1.1e-08 1 395.94346 s
-0.6 1.15e-08 1 413.665836 s
-0.6 1.2e-08 1 431.350888 s
-0.7 5.5e-09 0.999995804 201.773984 s
-0.7 6e-09 0.999998379 219.607096 s
-0.7 6.5e-09 0.999999809 237.846693 s
-0.7 7e-09 1 255.262487 s
-0.7 7.5e-09 1 273.057248 s
-0.7 8e-09 1 290.927122 s
-0.7 8.5e-09 1 308.688987 s
-0.7 9e-09 1 326.407483 s
-0.7 9.5e-09 1 344.082505 s
-0.7 1e-08 1 361.979504 s
-0.7 1.05e-08 1 379.69856 s
-0.7 1.1e-08 1 397.439603 s
-0.7 1.15e-08 1 415.213462 s
-0.7 1.2e-08 1 432.934247 s
-0.8 5e-09 0.999996376 183.270718 s
-0.8 5.5e-09 0.999999523 201.188074 s
-0.8 6e-09 0.999999809 218.902006 s
-0.8 6.5e-09 0.999999905 236.759785 s
-0.8 7e-09 1 254.646652 s
-0.8 7.5e-09 1 272.11623 s
-0.8 8e-09 1 289.858121 s
-0.8 8.5e-09 1 307.698805 s
-0.8 9e-09 1 325.325834 s
-0.8 9.5e-09 1 343.142578 s
-0.8 1e-08 1 361.037454 s
-0.8 1.05e-08 1 378.65427 s
-0.8 1.1e-08 1 396.407022 s
-0.8 1.15e-08 1 414.147976 s
-0.8 1.2e-08 1 431.969304 s
-0.9 4.5e-09 0.999993896 165.803417 s
-0.9 5e-09 0.999999142 183.758395 s
-0.9 5.5e-09 0.999999714 201.672789 s
-0.9 6e-09 1 219.229356 s
-0.9 6.5e-09 1 236.98233 s
-0.9 7e-09 1 254.792357 s
-0.9 7.5e-09 1 272.435243 s
-0.9 8e-09 1 290.197569 s
-0.9 8.5e-09 1 308.004637 s
-0.9 9e-09 1 325.676371 s
-0.9 9.5e-09 1 343.435667 s
-0.9 1e-08 1 361.137425 s
-0.9 1.05e-08 1 378.833309 s
-0.9 1.1e-08 1 396.516779 s
-0.9 1.15e-08 1 414.233009 s
-0.9 1.2e-08 1 432.036174 s
-0.4 1.2e-08 0.999998894 4282.39926 s
-0.5 9.5e-09 0.999999723 3408.3434 s
-0.5 1e-08 0.999999866 3585.82036 s
-0.5 1.05e-08 0.999999971 3759.09289 s
-1 1.5e-09 0.594650269 0.251035213 s
-1 2e-09 0.938537598 0.327345848 s
-1 2.5e-09 0.992645264 0.405964136 s
-1 3e-09 0.999130249 0.482658863 s
-1 3.5e-09 0.999893188 0.560781956 s
-1 4e-09 0.999984741 0.634865999 s
-1 4.5e-09 1 0.709873915 s
-1 5e-09 1 0.785269022 s
-1 5.5e-09 1 0.863698959 s
-1 6e-09 1 0.934993029 s
-1 6.5e-09 1 1.01198721 s
-1 7e-09 1 1.08910704 s
-1 7.5e-09 1 1.163342 s
-1 8e-09 1 1.23991394 s
-1 8.5e-09 1 1.31343484 s
-1 9e-09 1 1.39387488 s
-1 9.5e-09 1 1.46472907 s
-1 1e-08 1 1.54575491 s
-1 1.05e-08 1 1.619169 s
-1 1.1e-08 1 1.69334793 s
-1 1.15e-08 1 1.7693181 s
-1 1.2e-08 1 1.84256506 s
-1.1 1.5e-09 0.672714233 0.245684862 s
-1.1 2e-09 0.956619263 0.327168941 s
-1.1 2.5e-09 0.99546814 0.406422853 s
-1.1 3e-09 0.999588013 0.483217955 s
-1.1 3.5e-09 0.999969482 0.561187983 s
-1.1 4e-09 1 0.635113001 s
-1.1 4.5e-09 1 0.712136984 s
-1.1 5e-09 1 0.786037207 s
-1.1 5.5e-09 1 0.864568949 s
-1.1 6e-09 1 0.939830065 s
-1.1 6.5e-09 1 1.01424694 s
-1.1 7e-09 1 1.09143806 s
-1.1 7.5e-09 1 1.16480303 s
-1.1 8e-09 1 1.24423599 s
-1.1 8.5e-09 1 1.31799412 s
-1.1 9e-09 1 1.39344215 s
-1.1 9.5e-09 1 1.467206 s
-1.1 1e-08 1 1.54346991 s
-1.1 1.05e-08 1 1.61671996 s
-1.1 1.1e-08 1 1.70045686 s
-1.1 1.15e-08 1 1.77911806 s
-1.1 1.2e-08 1 1.85034299 s
-1 4e-09 0.999990463 10.1090071 s
-1 4.5e-09 1 11.3187931 s
-1 5e-09 1 12.5409341 s
-1 5.5e-09 1 13.7647381 s
-1 6e-09 1 14.9769208 s
-1 6.5e-09 1 16.174957 s
-1 7e-09 1 17.394773 s
-1 7.5e-09 1 18.6025009 s
-1 8e-09 1 19.8059981 s
-1 8.5e-09 1 21.043659 s
-1 9e-09 1 22.239058 s
-1 9.5e-09 1 23.4304948 s
-1 1e-08 1 24.639981 s
-1 1.05e-08 1 25.901768 s
-1 1.1e-08 1 27.074841 s
-1 1.15e-08 1 28.256228 s
-1 1.2e-08 1 29.4559121 s
-1.1 3.5e-09 0.999947548 8.90858006 s
-1.1 4e-09 0.999996185 10.124789 s
-1.1 4.5e-09 1 11.344753 s
-1.1 5e-09 1 12.5662961 s
-1.1 5.5e-09 1 13.7913101 s
-1.1 6e-09 1 14.989634 s
-1.1 6.5e-09 1 16.207087 s
-1.1 7e-09 1 17.413605 s
-1.1 7.5e-09 1 18.6242001 s
-1.1 8e-09 1 19.8356061 s
-1.1 8.5e-09 1 21.0457699 s
-1.1 9e-09 1 22.262464 s
-1.1 9.5e-09 1 23.4659519 s
-1.1 1e-08 1 24.6932361 s
-1.1 1.05e-08 1 25.890403 s
-1.1 1.1e-08 1 27.124831 s
-1.1 1.15e-08 1 28.3211851 s
-1.1 1.2e-08 1 29.50704 s
-1 4.5e-09 0.999997997 113.212277 s
-1 5e-09 0.999999809 125.382874 s
-1 5.5e-09 1 137.510277 s
-1 6e-09 1 149.597758 s
-1 6.5e-09 1 161.700565 s
-1 7e-09 1 173.841425 s
-1 7.5e-09 1 185.868765 s
-1 8e-09 1 198.019045 s
-1 8.5e-09 1 210.041968 s
-1 9e-09 1 222.182375 s
-1 9.5e-09 1 234.222142 s
-1 1e-08 1 246.29164 s
-1 1.05e-08 1 258.512356 s
-1 1.1e-08 1 270.666819 s
-1 1.15e-08 1 282.584637 s
-1 1.2e-08 1 294.574902 s
-1.1 4e-09 0.999993801 101.212735 s
-1.1 4.5e-09 0.999999523 113.333634 s
-1.1 5e-09 1 125.47363 s
-1.1 5.5e-09 1 137.695872 s
-1.1 6e-09 1 149.819954 s
-1.1 6.5e-09 1 161.902797 s
-1.1 7e-09 1 173.99138 s
-1.1 7.5e-09 1 186.052529 s
-1.1 8e-09 1 198.122804 s
-1.1 8.5e-09 1 210.239713 s
-1.1 9e-09 1 222.252779 s
-1.1 9.5e-09 1 234.388081 s
-1.1 1e-08 1 246.554629 s
-1.1 1.05e-08 1 258.605733 s
-1.1 1.1e-08 1 270.567266 s
-1.1 1.15e-08 1 282.609007 s
-1.1 1.2e-08 1 294.788782 s
-0.5 1.1e-08 0.99999999 2682.53535 s
-0.5 1.15e-08 0.99999999 2804.54528 s
-0.5 1.2e-08 1 2923.5369 s
-0.6 7.5e-09 0.999999657 1854.42444 s
-0.6 8e-09 0.999999886 1976.66253 s
-0.6 8.5e-09 0.999999971 2096.75482 s
-0.6 9e-09 1 2221.90339 s
-0.6 9.5e-09 1 2338.23808 s
-0.6 1e-08 1 2460.06003 s
-0.6 1.05e-08 1 2580.17025 s
-0.6 1.1e-08 1 2701.21555 s
-0.6 1.15e-08 1 2822.84826 s
-0.6 1.2e-08 1 2943.56619 s
-0.7 6.5e-09 0.999999733 1612.08 s
-0.7 7e-09 0.999999933 1734.06901 s
-0.7 7.5e-09 0.99999999 1855.0005 s
-0.7 8e-09 1 1976.34344 s
-0.7 8.5e-09 1 2098.7653 s
-0.7 9e-09 1 2219.43154 s
-0.7 9.5e-09 1 2339.9563 s
-0.7 1e-08 1 2461.62177 s
-0.7 1.05e-08 1 2581.92352 s
-0.7 1.1e-08 1 2703.22277 s
-0.7 1.15e-08 1 2824.27728 s
-0.7 1.2e-08 1 2946.94222 s
-0.8 5.5e-09 0.999999475 1371.18505 s
-0.8 6e-09 0.999999857 1493.30871 s
-0.8 6.5e-09 0.99999999 1614.96753 s
-0.8 7e-09 0.99999999 1737.40881 s
-0.8 7.5e-09 1 1859.04576 s
-0.8 8e-09 1 1980.9658 s
-0.8 8.5e-09 1 2102.39441 s
-0.8 9e-09 1 3251.77631 s
-0.8 9.5e-09 1 3430.20164 s
-0.8 1e-08 1 3607.5219 s
-0.8 1.05e-08 1 3784.44224 s
-0.8 1.1e-08 1 3962.08062 s
-0.8 1.15e-08 1 4138.99736 s
-0.8 1.2e-08 1 4316.82599 s
-0.9 5e-09 0.999999285 1838.81581 s
-0.9 5.5e-09 0.999999895 2017.44126 s
-0.9 6e-09 0.99999999 2196.28071 s
-0.9 6.5e-09 1 2367.71091 s
-0.9 7e-09 1 2545.62146 s
-0.9 7.5e-09 1 2721.80106 s
-0.9 8e-09 1 2900.78509 s
-0.9 8.5e-09 1 3078.50068 s
-0.9 9e-09 1 3254.47559 s
-0.9 9.5e-09 1 3432.02637 s
-0.9 1e-08 1 3610.12627 s
-0.9 1.05e-08 1 3786.24512 s
-0.9 1.1e-08 1 3963.15709 s
-0.9 1.15e-08 1 4140.22195 s
-0.9 1.2e-08 1 4323.19846 s
-1 5e-09 0.999999847 1846.54081 s
-1 5.5e-09 0.999999981 2025.39224 s
-1 6e-09 1 2203.43565 s
-1 6.5e-09 1 2381.58441 s
-0.4 1.2e-08 1 0.406644106 s
-0.4 1.2e-08 0.8671875 0.422672033 s
-0.6 1.2e-08 0.999023438 0.276864052 s
-0.6 1.2e-08 1 0.243644953 s
-0.6 1.2e-08 1 0.279181957 s
-0.6 1.2e-08 1 0.282953978 s
-0.6 1.2e-08 0.4609375 0.423985004 s
-0.6 1.2e-08 1 0.448235035 s
-0.6 1.2e-08 1 0.435713053 s
-0.6 1.2e-08 0.375 0.424048901 s
-0.6 1.2e-08 0.9921875 0.424727917 s
-0.6 1.2e-08 1 0.425909996 s
-0.6 1.2e-08 0 0.401767969 s
-0.6 1.2e-08 1 0.425499916 s
-0.6 1.2e-08 1 0.425436974 s
-0.6 1.2e-08 1 0.425421 s
-0.6 1.2e-08 1 0.425480127 s
-0.6 1.2e-08 0.375 0.428631067 s
-0.6 1.2e-08 1 0.438925028 s
-0.6 1.2e-08 0.9921875 0.426249027 s
-0.6 1.2e-08 0.4609375 0.423251867 s
-0.6 1.2e-08 1 0.422105074 s
-0.6 1.2e-08 1 0.425744057 s
-0.6 1.2e-08 0.949645996 0.397414923 s
-0.6 1.2e-08 0.949645996 0.398324966 s
-0.6 1.3e-08 0.950317383 0.429661036 s
-0.6 1.2e-08 0.950439453 1.5798378 s
-0.6 1.3e-08 0.94921875 1.70505881 s
-0.6 1.2e-08 0.949868202 25.071867 s
-0.6 1.3e-08 0.950721741 27.1197 s
-0.6 1.2e-08 0.950179005 250.68945 s
-0.6 1.3e-08 0.95108242 271.297428 s
-0.6 1.2e-08 0.950171356 2503.83902 s
-0.6 1.3e-08 0.951077108 2709.74742 s
-0.6 1.2e-08 0.98550415 1.58371687 s
-0.6 1.3e-08 0.985595703 1.70328093 s
-0.6 1.2e-08 0.985524178 25.003803 s
-0.6 1.3e-08 0.985454559 27.0418479 s
-0.6 1.2e-08 0.985625648 250.300489 s
-0.6 1.3e-08 0.985599232 270.766919 s
-0.6 1.2e-08 0.985605354 2501.62874 s
-0.6 1.3e-08 0.985621424 2704.65599 s
-0.6 1.2e-08 0.999008179 1.57798195 s
-0.6 1.3e-08 0.999206543 1.70060301 s
-0.6 1.2e-08 0.998942375 24.9914849 s
-0.6 1.3e-08 0.998993874 27.032079 s
-0.6 1.2e-08 0.998977947 250.340158 s
-0.6 1.3e-08 0.998953342 270.855028 s
-0.6 1.2e-08 0.99895627 2499.97086 s
-0.6 1.3e-08 0.998956976 2705.25393 s
-0.6 1.2e-08 0.999893188 1.58044982 s
-0.6 1.3e-08 0.99987793 1.69965196 s
-0.6 1.2e-08 0.99988842 24.9240959 s
-0.6 1.3e-08 0.999887466 26.9694841 s
-0.6 1.2e-08 0.999894619 249.653739 s
-0.6 1.3e-08 0.999881363 270.029161 s
-0.6 1.2e-08 0.999890604 2493.36982 s
-0.6 1.3e-08 0.99988699 2697.40114 s
-0.6 1.2e-08 0.999832153 1.58284903 s
-0.6 1.3e-08 0.999816895 1.71353793 s
-0.6 1.2e-08 0.99981308 25.1044791 s
-0.6 1.3e-08 0.999772072 27.1674762 s
-0.6 1.2e-08 0.999794483 251.522269 s
-0.6 1.3e-08 0.99977808 271.8995 s
-0.6 1.2e-08 0.999788065 2511.02951 s
-0.6 1.3e-08 0.999784784 2714.02166 s
-0.6 1.2e-08 0.999969482 1.58528996 s
-0.6 1.3e-08 0.999938965 1.7067771 s
-0.6 1.2e-08 0.999988556 25.010772 s
-0.6 1.3e-08 0.999985695 27.0733659 s
-0.6 1.2e-08 0.999988365 250.750678 s
-0.6 1.3e-08 0.999986839 271.011931 s
-0.6 1.2e-08 0.999988155 2501.98089 s
-0.6 1.3e-08 0.99998765 2706.46447 s
-0.6 1.2e-08 1 1.62407708 s
-0.6 1.3e-08 0.999984741 1.7540319 s
-0.6 1.2e-08 0.999994278 25.805182 s
-0.6 1.3e-08 0.999996185 27.931797 s
-0.6 1.2e-08 0.999997044 258.368445 s
-0.6 1.3e-08 0.999997139 279.595335 s
-0.6 1.2e-08 0.999996862 2575.85089 s
-0.6 1.3e-08 0.999997005 2790.64922 s
-0.6 1.2e-08 1 1.63122892 s
-0.6 1.3e-08 0.999984741 1.75597215 s
-0.6 1.2e-08 0.999998093 25.8098431 s
-0.6 1.3e-08 0.999998093 27.9172761 s
-0.6 1.2e-08 0.99999876 258.244546 s
-0.6 1.3e-08 0.999998379 279.492789 s
-0.6 1.2e-08 0.999988556 25.037611 s
-0.6 1.2e-08 0.999988556 25.044517 s
-0.6 1.2e-08 1 24.948143 s
-0.6 1.2e-08 1 24.013407 s
-0.6 1.2e-08 0.999988556 25.248482 s
-0.6 1.2e-08 1 27.1727321 s
-0.6 1.2e-08 1 27.1855521 s
-0.6 1.2e-08 0.999988556 25.4942961 s
-0.6 1.2e-08 0.999998093 26.3695469 s
-0.6 1.2e-08 1 26.1368248 s
-0.6 1.2e-08 1 25.43625 s
-0.6 1.2e-08 1 26.1479359 s
-0.6 1.2e-08 0.999954224 2.36578798 s
-0.6 1.3e-08 0.999862671 2.55073619 s
-0.6 1.2e-08 0.99985981 37.7414389 s
-0.6 1.2e-08 0.999862671 2.35134912 s
-0.6 1.3e-08 0.999832153 2.54094601 s
-0.6 1.2e-08 1 2.36603117 s
-0.6 1.3e-08 1 2.54784799 s
-0.6 1.2e-08 1 37.7896211 s
-0.6 1.2e-08 0.999999905 377.820132 s
-0.6 1.2e-08 0.999999666 3784.50156 s
-0.6 1.2e-08 1 2.36673903 s
-0.6 1.3e-08 1 2.54395509 s
-0.6 1.2e-08 1 37.781517 s
-0.6 1.2e-08 1 377.561097 s
-0.6 1.2e-08 1 3783.83993 s
-0.6 1.2e-08 1 2.37544298 s
-0.6 1.3e-08 1 2.55568695 s
-0.6 1.2e-08 1 37.91769 s
-0.6 1.3e-08 1 40.9875011 s
-0.6 1.2e-08 1 379.903131 s
-0.6 1.3e-08 1 410.389621 s
-0.6 1.2e-08 1 3801.48723 s
-0.6 1.3e-08 1 4105.84623 s
-0.6 1.2e-08 1 2.37213993 s
-0.6 1.3e-08 1 2.55920005 s
-0.6 1.2e-08 1 37.8622799 s
-0.6 1.3e-08 1 40.8821971 s
-0.6 1.2e-08 1 379.29762 s
-0.6 1.3e-08 1 409.736615 s
-0.6 1.2e-08 1 3795.2921 s
-0.6 1.3e-08 1 4099.76628 s
-0.6 1.2e-08 1 2.41396999 s
-0.6 1.3e-08 1 2.58577204 s
-0.6 1.2e-08 1 38.1605339 s
-0.6 1.3e-08 1 41.386162 s
-0.6 1.2e-08 1 381.613197 s
-0.6 1.3e-08 1 414.144123 s
-0.6 1.2e-08 1 3823.93262 s
-0.6 1.3e-08 1 4140.33199 s
-0.6 1.2e-08 1 2.43515706 s
-0.6 1.3e-08 1 2.61438608 s
-0.6 1.2e-08 1 38.7300999 s
-0.6 1.3e-08 1 41.8319609 s
-0.6 1.2e-08 1 387.509269 s
-0.6 1.3e-08 1 418.834729 s
-0.6 1.2e-08 1 3884.64224 s
-0.6 1.3e-08 1 4198.41505 s
-0.6 1.2e-08 1 2.32860184 s
-0.6 1.3e-08 1 2.50513101 s
-0.6 1.2e-08 1 36.978045 s
-0.6 1.3e-08 1 40.0394371 s
-0.6 1.2e-08 1 369.70604 s
-0.6 1.3e-08 1 400.094177 s
-0.6 1.2e-08 1 3713.66251 s
-0.6 1.3e-08 1 4014.37935 s
-0.6 1.2e-08 1 2.33761191 s
-0.6 1.3e-08 1 2.50860786 s
-0.6 1.2e-08 1 37.0430479 s
-0.6 1.3e-08 1 40.0960379 s
-0.6 1.2e-08 1 370.11167 s
-0.6 1.3e-08 1 400.636559 s
-0.6 1.2e-08 1 3710.10726 s
-0.6 1.3e-08 1 4016.14576 s
-0.6 1.2e-08 1 2.37264395 s
-0.6 1.3e-08 0.999938965 2.55360007 s
-0.6 1.2e-08 0.999965668 37.8192379 s
-0.6 1.3e-08 0.99997139 40.842886 s
-0.6 1.2e-08 1 2.37439299 s
-0.6 1.3e-08 0.999938965 2.55645013 s
-0.6 1.2e-08 0.999970436 37.9367499 s
-0.6 1.3e-08 0.999973297 40.940484 s
-0.6 1.2e-08 1 2.36673689 s
-0.6 1.3e-08 1 2.5550878 s
-0.6 1.2e-08 0.999995232 37.8952951 s
-0.6 1.3e-08 0.999998093 40.9081609 s
-0.6 1.2e-08 0.999998665 378.616717 s
-0.6 1.3e-08 0.999998379 408.826753 s
-0.6 1.2e-08 1 2.40703511 s
-0.6 1.3e-08 1 2.58439708 s
-0.6 1.2e-08 1 38.2635679 s
-0.6 1.3e-08 0.999999046 41.2774231 s
-0.6 1.2e-08 0.999999905 382.311461 s
-0.6 1.3e-08 0.999999619 412.542708 s
-0.6 1.2e-08 0.999999819 3831.19045 s
-0.6 1.3e-08 0.999999819 4136.17442 s
-0.6 1.2e-08 1 2.38476515 s
-0.6 1.3e-08 1 2.56251717 s
-0.6 1.2e-08 1 37.973505 s
-0.6 1.3e-08 1 41.0074291 s
-0.6 1.2e-08 1 379.597376 s
-0.6 1.3e-08 1 409.779529 s
-0.6 1.2e-08 1 3804.12975 s
-0.6 1.3e-08 1 4105.9949 s
-0.6 1.2e-08 1 2.3284719 s
-0.6 1.3e-08 1 2.51429486 s
-0.6 1.2e-08 1 37.1342521 s
-0.6 1.3e-08 1 40.2083189 s
-0.6 1.2e-08 1 370.931267 s
-0.6 1.3e-08 1 401.452492 s
-0.6 1.2e-08 1 3716.90559 s
-0.6 1.3e-08 0.999984741 2.27781796 s
-0.6 1.3e-08 0.999984741 2.84497499 s
-0.6 1.3e-08 0.999984741 2.94794703 s
-0.6 1.3e-08 0.999984741 2.929497 s
-0.6 1.3e-08 0.999984741 2.9118309 s
-0.6 1.3e-08 0.999984741 2.93997598 s
-0.6 1.3e-08 0.999984741 2.93117499 s
-0.6 1.3e-08 0.999984741 2.93547106 s
-0.6 1.3e-08 0.999984741 2.91445494 s
-0.6 1.3e-08 0.999984741 2.92557883 s
-0.6 1.3e-08 0.999984741 2.85241914 s
-0.6 1.3e-08 0.999984741 2.92033911 s
-0.6 1.3e-08 0.999984741 2.96776104 s
-0.6 1.3e-08 0.999984741 2.90075397 s
-0.6 1.3e-08 0.999984741 2.95643711 s
-0.6 1.3e-08 0.999984741 2.95267105 s
-0.6 1.3e-08 0.999984741 2.95330405 s
-0.6 1.3e-08 0.999404907 2.9060111 s
-0.6 1.3e-08 0.999404907 2.89929104 s
-0.6 1.3e-08 0.387191772 2.94096994 s
-0.6 1.3e-08 0.999404907 2.91035914 s
-0.6 1.3e-08 1 2.55615687 s
-0.6 1.3e-08 1 2.54974389 s
-0.6 1.3e-08 0.999984741 2.94973779 s
-0.6 1.3e-08 1 2.53917003 s
-0.6 1.3e-08 1 2.54135203 s
-0.6 1.2e-08 0.968704224 2.05801487 s
-0.6 1.3e-08 0.968215942 2.23094106 s
-0.6 1.2e-08 0.918441772 2.067312 s
-0.6 1.3e-08 0.917419434 2.22832513 s
-0.6 1.2e-08 0.968704224 2.06620908 s
-0.6 1.3e-08 0.968215942 2.22909307 s
-0.6 1.2e-08 0.968704224 2.05888104 s
-0.6 1.3e-08 0.968215942 2.22383404 s
-0.6 1.2e-08 1 2.05186796 s
-0.6 1.3e-08 0.999969482 2.21724391 s
-0.6 1.2e-08 0.968704224 2.05611396 s
-0.6 1.3e-08 0.968215942 2.22556901 s
-0.6 1.2e-08 1 2.05224204 s
-0.6 1.3e-08 0.999969482 2.21970201 s
-0.6 1.2e-08 0.999993324 32.8101959 s
-0.6 1.3e-08 0.999992371 35.5153558 s
-0.6 1.2e-08 0.999993134 326.999514 s
-0.6 1.3e-08 0.99999361 353.574768 s
-0.6 1.2e-08 0.998962402 2.05637813 s
-0.6 1.3e-08 0.999023438 2.2191391 s
-0.6 1.2e-08 1 2.058604 s
-0.6 1.3e-08 1 2.22160077 s
-0.6 1.2e-08 1 32.977849 s
-0.6 1.3e-08 1 35.613266 s
-0.6 1.2e-08 1 328.255137 s
-0.6 1.3e-08 1 354.86859 s
-0.6 1.2e-08 1 3284.67742 s
-0.6 1.3e-08 1 3550.62731 s
-0.6 1.2e-08 1 2.06412196 s
-0.6 1.3e-08 1 2.21860099 s
-0.6 1.2e-08 1 32.8471439 s
-0.6 1.3e-08 1 35.5285881 s
-0.6 1.2e-08 1 327.084271 s
-0.6 1.3e-08 1 353.723828 s
-0.6 1.2e-08 0.99999999 3273.74711 s
-0.6 1.3e-08 0.99999999 3540.67137 s
-0.6 1.2e-08 1 2.08278394 s
-0.6 1.3e-08 1 2.24318695 s
-0.6 1.2e-08 1 33.0287499 s
-0.6 1.3e-08 1 35.7033889 s
-0.6 1.2e-08 1 330.004014 s
-0.6 1.3e-08 1 356.612289 s
-0.6 1.2e-08 1 3302.19308 s
-0.6 1.3e-08 1 3569.36926 s
-0.6 1.2e-08 1 2.06059194 s
-0.6 1.3e-08 1 2.22202206 s
-0.6 1.2e-08 1 33.0179482 s
-0.6 1.3e-08 1 35.705194 s
-0.6 1.2e-08 1 328.635103 s
-0.6 1.3e-08 1 355.384412 s
-0.6 1.2e-08 1 3288.63472 s
-0.6 1.3e-08 1 3555.62421 s
-0.6 1.2e-08 1 2.12741113 s
-0.6 1.3e-08 1 2.28899908 s
-0.6 1.2e-08 1 33.7500699 s
-0.6 1.3e-08 1 36.482455 s
-0.6 1.2e-08 1 336.963509 s
-0.6 1.3e-08 1 364.783769 s
-0.6 1.2e-08 1 3370.81001 s
-0.6 1.3e-08 1 3649.94957 s
-0.6 1.2e-08 1 2.11866713 s
-0.6 1.3e-08 1 2.29007101 s
-0.6 1.2e-08 1 33.7942121 s
-0.6 1.3e-08 1 36.5311458 s
-0.6 1.2e-08 1 338.14584 s
-0.6 1.3e-08 1 365.41386 s
-0.6 1.2e-08 1 3379.07598 s
-0.6 1.3e-08 1 3655.3389 s
-0.6 1.2e-08 1 2.07151294 s
-0.6 1.3e-08 1 2.25609708 s
-0.6 1.2e-08 1 33.0868728 s
-0.6 1.3e-08 1 35.7311301 s
-0.6 1.2e-08 1 329.439233 s
-0.6 1.3e-08 1 356.339502 s
-0.6 1.2e-08 1 3294.42017 s
-0.6 1.3e-08 1 3566.52062 s
-0.6 1.2e-08 1 2.07860208 s
-0.6 1.3e-08 1 2.24324584 s
-0.6 1.2e-08 1 32.869643 s
-0.6 1.3e-08 1 35.6469409 s
-0.6 1.2e-08 1 328.747823 s
-0.6 1.3e-08 1 355.914299 s
-0.6 1.2e-08 1 3290.83498 s
-0.6 1.3e-08 1 3561.43725 s
-0.6 1.2e-08 0.918441772 2.06339097 s
-0.6 1.3e-08 0.917419434 2.22378707 s
-0.6 1.2e-08 1 2.06264806 s
-0.6 1.3e-08 1 2.22344995 s
-0.6 1.2e-08 0.999994278 33.0197568 s
-0.6 1.3e-08 0.999997139 35.6671972 s
-0.6 1.2e-08 0.999996567 328.856213 s
-0.6 1.3e-08 0.99999733 356.101804 s
-0.6 1.2e-08 0.99822998 2.059273 s
-0.6 1.3e-08 0.998352051 2.21980906 s
-0.6 1.2e-08 1 2.09812117 s
-0.6 1.3e-08 1 2.26840281 s
-0.6 1.2e-08 1 33.6303549 s
-0.6 1.3e-08 1 36.41977 s
-0.6 1.2e-08 1 335.625766 s
-0.6 1.3e-08 1 362.755045 s
-0.6 1.2e-08 1 3348.57047 s
-0.6 1.3e-08 1 3620.79438 s
-0.6 1.2e-08 1 2.06581688 s
-0.6 1.3e-08 1 2.23151708 s
-0.6 1.2e-08 1 33.0639319 s
-0.6 1.3e-08 1 35.6262882 s
-0.6 1.2e-08 1 329.922348 s
-0.6 1.3e-08 1 356.49243 s
-0.6 1.2e-08 1 3292.87748 s
-0.6 1.3e-08 0.99999999 2405.84893 s
-0.6 1.2e-08 1 1.40463591 s
-0.6 1.3e-08 1 1.51883006 s
-0.6 1.2e-08 1 22.1924169 s
-0.6 1.3e-08 1 24.024677 s
-0.6 1.2e-08 1 221.924682 s
-0.6 1.3e-08 1 240.243316 s
-0.6 1.2e-08 1 2221.70107 s
-0.6 1.3e-08 1 2405.46461 s
-0.6 1.2e-08 1 1.41138601 s
-0.6 1.3e-08 1 1.52091503 s
-0.6 1.2e-08 1 22.3146749 s
-0.6 1.3e-08 1 24.1558881 s
-0.6 1.2e-08 1 223.146433 s
-0.6 1.3e-08 1 241.637672 s
-0.6 1.2e-08 1 2233.32111 s
-0.6 1.3e-08 1 2419.76609 s
-0.6 1.2e-08 1 1.40847087 s
-0.6 1.3e-08 1 1.52098489 s
-0.6 1.2e-08 1 22.2367229 s
-0.6 1.3e-08 1 24.056823 s
-0.6 1.2e-08 1 222.19584 s
-0.6 1.3e-08 1 240.701082 s
-0.6 1.2e-08 1 2225.99059 s
-0.6 1.3e-08 1 2410.68314 s
-0.6 1.2e-08 1 1.43297195 s
-0.6 1.3e-08 1 1.54631901 s
-0.6 1.2e-08 1 22.6970341 s
-0.6 1.3e-08 1 24.5702131 s
-0.6 1.2e-08 1 227.224596 s
-0.6 1.3e-08 1 246.247986 s
-0.6 1.2e-08 1 2277.54108 s
-0.6 1.3e-08 1 2464.83339 s
-0.6 1e-09 0 0.854184151 s
-0.6 1e-09 0 0.866891861 s
-0.6 1e-08 1 2.67534804 s
-0.6 1e-08 0.99987793 2.66712809 s
-0.6 1e-08 1 2.69249916 s
-0.6 1e-08 0.99987793 2.65048409 s
-0.6 1e-08 1 2.68169212 s
-0.6 1e-08 0.999588013 2.65420413 s
-0.6 1e-08 1 2.67180586 s
-0.6 1e-08 1 2.669945 s
-0.6 1e-08 1 2.53502798 s
-0.6 3e-10 0 0.685672045 s
-0.6 3e-10 0 0.581206083 s
-0.6 3e-10 0 0.582937002 s
-0.6 3e-10 0 0.58216095 s
-0.6 3e-10 9.15527344e-05 0.712907791 s
-0.6 3e-10 0.659286499 1.22206783 s
-0.6 3e-10 1.52587891e-05 1.20919514 s
-0.8 1.5e-08 1 3.86797118 s
-0.8 1.5e-08 1 3.86662412 s
-0.7 1.5e-08 1 3.87629294 s
-0.7 1.5e-09 0.0624847412 0.828956127 s
-0.7 2e-09 0.503067017 0.954345942 s
-0.7 2.5e-09 0.843139648 1.05411005 s
-0.7 3e-09 0.957077026 1.16975808 s
-0.7 3.5e-09 0.988235474 1.28679204 s
-0.7 4e-09 0.997360229 1.39788294 s
-0.7 4.5e-09 0.999191284 1.52062702 s
-0.7 5e-09 0.999832153 1.6187098 s
-0.7 5.5e-09 0.999938965 1.74195218 s
-0.7 6e-09 1 1.86380315 s
-0.7 6.5e-09 1 1.96409297 s
-0.7 7e-09 1 2.07048893 s
-0.7 7.5e-09 1 2.20865202 s
-0.7 8e-09 1 2.29870105 s
-0.7 8.5e-09 1 2.40654898 s
-0.7 9e-09 1 2.52746081 s
-0.7 9.5e-09 1 2.63530707 s
-0.7 1e-08 1 2.74008107 s
-0.7 1.05e-08 1 2.85606003 s
-0.7 1.1e-08 0.999710083 2.46596289 s
-0.7 1.1e-08 0.999710083 2.456635 s
-0.7 1.1e-08 1 2.97208691 s
-0.7 1.1e-08 0.67918396 3.431458 s
-0.7 1.5e-09 0.000183105469 0.801723957 s
-0.7 2e-09 0.0231933594 0.911973 s
-0.7 2.5e-09 0.171447754 1.01519012 s
-0.7 3e-09 0.427612305 1.11614013 s
-0.7 3.5e-09 0.657745361 1.23720789 s
-0.7 4e-09 0.809844971 1.33603215 s
-0.7 4.5e-09 0.896774292 1.44956303 s
-0.7 5e-09 0.946884155 1.57034397 s
-0.7 5.5e-09 0.972457886 1.6613071 s
-0.7 6e-09 0.985641479 2.31709194 s
-0.7 6.5e-09 0.992477417 1.88429785 s
-0.7 7e-09 0.995834351 2.00636005 s
-0.7 7.5e-09 0.998016357 2.09271383 s
-0.7 8e-09 0.998764038 2.1847651 s
-0.7 8.5e-09 0.999465942 2.3366971 s
-0.7 9e-09 0.999771118 2.41641808 s
-0.7 9.5e-09 0.999923706 2.50845504 s
-0.7 1e-08 0.999954224 2.61862183 s
-0.7 1.05e-08 0.999954224 3.12597179 s
-0.7 1.1e-08 0.999984741 2.82794595 s
-0.7 1.15e-08 1 2.92547584 s
-0.7 1.2e-08 1 3.03163099 s
-0.7 1.25e-08 1 3.13165784 s
-0.7 1.3e-08 1 3.24085188 s
-0.7 1.35e-08 1 3.34163785 s
-0.7 1.4e-08 1 3.45018697 s
-0.7 1.45e-08 1 3.53834486 s
-0.7 1.5e-08 1 3.65605402 s
-0.7 1.55e-08 1 3.75523996 s
-0.7 1.6e-08 1 3.85579395 s
-0.7 1.65e-08 1 3.95701718 s
-0.7 1.7e-08 1 4.89527798 s
-0.7 9.5e-09 0.999856949 40.7125771 s
-0.7 1.05e-08 0.99996376 35.8311439 s
-0.7 1.1e-08 0.99998188 37.5311921 s
-0.7 1.15e-08 0.999990463 39.1619029 s
-0.7 1.2e-08 0.999987602 40.804559 s
-0.7 1.25e-08 0.999996185 42.454998 s
-0.7 1.3e-08 0.999997139 44.1007941 s
-0.7 1.35e-08 1 45.7178249 s
-0.7 1.4e-08 1 47.3609519 s
-0.7 1.45e-08 1 49.0142021 s
-0.7 1.5e-08 1 50.6511879 s
-0.7 1.55e-08 1 52.267591 s
-0.7 1.6e-08 1 53.970468 s
-0.7 1.65e-08 1 55.487087 s
-0.7 1.7e-08 1 57.157721 s
-0.7 1.25e-08 0.999997139 424.482618 s
-0.7 1.3e-08 0.999998283 440.581477 s
-0.7 1.35e-08 0.999999332 457.211244 s
-0.7 1.4e-08 0.999999714 473.295189 s
-0.7 1.45e-08 0.999999714 489.591299 s
-0.7 1.5e-08 0.999999905 505.956002 s
-0.7 1.55e-08 0.999999905 522.696604 s
-0.7 1.6e-08 1 539.091473 s
-0.7 1.65e-08 1 555.320202 s
-0.7 1.7e-08 1 571.835358 s
-0.7 1.35e-08 0.999999275 4569.0607 s
-0.7 1.4e-08 0.999999714 4732.7628 s
-0.7 1.45e-08 0.999999743 4896.15961 s
-0.7 1.5e-08 0.999999914 5060.19325 s
-0.7 1.55e-08 0.999999971 5228.14914 s
-0.7 1.6e-08 0.999999971 5387.63637 s
-0.7 1.65e-08 0.999999971 5550.8833 s
-0.7 1.7e-08 0.99999999 5714.62656 s
