-0.7 1.5 0.000183105469 65536.0
-0.7 2.0 0.0231933594 65536.0
-0.7 2.5 0.171447754 65536.0
-0.7 3.0 0.427612305 65536.0
-0.7 3.5 0.657745361 65536.0
-0.7 4.0 0.809844971 65536.0
-0.7 4.5 0.896774292 65536.0
-0.7 5.0 0.946884155 65536.0
-0.7 5.5 0.972457886 65536.0
-0.7 6.0 0.985641479 65536.0
-0.7 6.5 0.992477417 65536.0
-0.7 7.0 0.995834351 65536.0
-0.7 7.5 0.998016357 65536.0
-0.7 8.0 0.998764038 65536.0
-0.7 8.5 0.999465942 65536.0
-0.7 9.0 0.999771118 65536.0
-0.7 9.5 0.999856949 1048576.0
-0.7 10.0 0.999856949 1048576.0
-0.7 10.5 0.99996376 1048576.0
-0.7 11.0 0.99998188 1048576.0
-0.7 11.5 0.999990463 1048576.0
-0.7 12.0 0.999987602 1048576.0
-0.7 12.5 0.999997139 10485760.0
-0.7 13.0 0.999998283 10485760.0
-0.7 13.5 0.999999275 104857600.0
-0.7 14.0 0.999999714 104857600.0
-0.7 14.5 0.999999743 104857600.0
-0.7 15.0 1 10485760
