-0.4 1e-08 0 0.667094946 s
0.4 1e-08 1 0.670445919 s
0.4 1e-08 1 0.670408964 s
0.4 1e-08 0 0.419940948 s
0.4 1e-08 0 0.538537979 s
0.4 1e-08 0 0.524009228 s
0.4 1e-08 1 0.75831008 s
0.6 1e-09 0 0.686108828 s
0.6 1e-09 0 0.647872925 s
0.6 1e-09 0 0.67800808 s
0.6 1e-09 0 0.687371016 s
0.6 1e-09 0 0.671324968 s
0.6 1e-09 0 0.677428961 s
0.6 1e-09 0 0.714988947 s
0.6 1e-09 0 0.740639925 s
0.6 1e-09 0 0.713886023 s
0.6 1e-09 0 0.716550112 s
0.6 1e-09 0 0.892488956 s
0.6 1e-09 0 0.775967121 s
0.6 1e-09 0 1.46663094 s
0.6 1e-09 0 0.731825829 s
0.6 1e-09 0 0.706586123 s
0.6 1e-09 0 0.706831932 s
0.6 1e-09 0 0.747756004 s
0.6 1e-09 0 0.761192083 s
0.6 1e-09 0 0.750636101 s
0.6 1e-09 0 0.75116992 s
0.6 1e-09 0 0.703842878 s
0.6 1e-09 0 0.720267057 s
0.6 1e-09 0 0.724114895 s
0.6 1e-09 0 0.721760035 s
0.6 1e-09 0.881347656 0.756266117 s
0.6 1e-09 0.900131226 0.829457998 s
0.6 1e-09 0.900131226 0.849328995 s
0.6 1e-09 0.900131226 0.806166887 s
0.6 1e-09 0.900131226 0.825443983 s
0.6 1e-09 0.900131226 0.826706171 s
0.6 1e-09 0.900131226 0.791696072 s
0.6 1e-09 0.900131226 0.787474871 s
0.6 1e-09 0.900131226 0.759943962 s
0.6 1e-09 0 0.743927956 s
0.6 1e-09 0 0.858022928 s
-0.6 1e-09 0 0.846367836 s
-0.6 1e-09 0 0.858361006 s
