  0.0000e+00    2.120e-09  
  5.0000e-03    3.214e-06  
  1.0000e-02    6.395e-06  
  1.5000e-02    9.544e-06  
  2.0000e-02    1.266e-05  
  2.5000e-02    1.575e-05  
  3.0000e-02    1.881e-05  
  3.5000e-02    2.184e-05  
  4.0000e-02    2.483e-05  
  4.5000e-02    2.780e-05  
  5.0000e-02    3.074e-05  
  5.5000e-02    3.365e-05  
  6.0000e-02    3.653e-05  
  6.5000e-02    3.938e-05  
  7.0000e-02    4.220e-05  
  7.5000e-02    4.499e-05  
  8.0000e-02    4.775e-05  
  8.5000e-02    5.049e-05  
  9.0000e-02    5.319e-05  
  9.5000e-02    5.587e-05  
  1.0000e-01    5.852e-05  
  1.0500e-01    6.114e-05  
  1.1000e-01    6.374e-05  
  1.1500e-01    6.630e-05  
  1.2000e-01    6.884e-05  
  1.2500e-01    7.136e-05  
  1.3000e-01    7.384e-05  
  1.3500e-01    7.630e-05  
  1.4000e-01    7.873e-05  
  1.4500e-01    8.114e-05  
  1.5000e-01    8.351e-05  
  1.5500e-01    8.586e-05  
  1.6000e-01    8.819e-05  
  1.6500e-01    9.049e-05  
  1.7000e-01    9.276e-05  
  1.7500e-01    9.501e-05  
  1.8000e-01    9.723e-05  
  1.8500e-01    9.943e-05  
  1.9000e-01    1.016e-04  
  1.9500e-01    1.037e-04  
  2.0000e-01    1.059e-04  
  2.0500e-01    1.080e-04  
  2.1000e-01    1.100e-04  
  2.1500e-01    1.121e-04  
  2.2000e-01    1.141e-04  
  2.2500e-01    1.161e-04  
  2.3000e-01    1.181e-04  
  2.3500e-01    1.200e-04  
  2.4000e-01    1.219e-04  
  2.4500e-01    1.238e-04  
  2.5000e-01    1.257e-04  
  2.5500e-01    1.276e-04  
  2.6000e-01    1.294e-04  
  2.6500e-01    1.312e-04  
  2.7000e-01    1.330e-04  
  2.7500e-01    1.348e-04  
  2.8000e-01    1.365e-04  
  2.8500e-01    1.382e-04  
  2.9000e-01    1.399e-04  
  2.9500e-01    1.416e-04  
  3.0000e-01    1.432e-04  
  3.0500e-01    1.448e-04  
  3.1000e-01    1.464e-04  
  3.1500e-01    1.480e-04  
  3.2000e-01    1.496e-04  
  3.2500e-01    1.511e-04  
  3.3000e-01    1.526e-04  
  3.3500e-01    1.541e-04  
  3.4000e-01    1.556e-04  
  3.4500e-01    1.570e-04  
  3.5000e-01    1.584e-04  
  3.5500e-01    1.598e-04  
  3.6000e-01    1.612e-04  
  3.6500e-01    1.626e-04  
  3.7000e-01    1.639e-04  
  3.7500e-01    1.652e-04  
  3.8000e-01    1.665e-04  
  3.8500e-01    1.678e-04  
  3.9000e-01    1.691e-04  
  3.9500e-01    1.703e-04  
  4.0000e-01    1.715e-04  
  4.0500e-01    1.727e-04  
  4.1000e-01    1.738e-04  
  4.1500e-01    1.750e-04  
  4.2000e-01    1.761e-04  
  4.2500e-01    1.772e-04  
  4.3000e-01    1.783e-04  
  4.3500e-01    1.794e-04  
  4.4000e-01    1.804e-04  
  4.4500e-01    1.814e-04  
  4.5000e-01    1.824e-04  
  4.5500e-01    1.834e-04  
  4.6000e-01    1.844e-04  
  4.6500e-01    1.853e-04  
  4.7000e-01    1.863e-04  
  4.7500e-01    1.872e-04  
  4.8000e-01    1.880e-04  
  4.8500e-01    1.889e-04  
  4.9000e-01    1.898e-04  
  4.9500e-01    1.906e-04  
  5.0000e-01    1.914e-04  
  5.0500e-01    1.922e-04  
  5.1000e-01    1.930e-04  
  5.1500e-01    1.938e-04  
  5.2000e-01    1.945e-04  
  5.2500e-01    1.952e-04  
  5.3000e-01    1.960e-04  
  5.3500e-01    1.967e-04  
  5.4000e-01    1.974e-04  
  5.4500e-01    1.980e-04  
  5.5000e-01    1.987e-04  
  5.5500e-01    1.994e-04  
  5.6000e-01    2.000e-04  
  5.6500e-01    2.006e-04  
  5.7000e-01    2.012e-04  
  5.7500e-01    2.019e-04  
  5.8000e-01    2.024e-04  
  5.8500e-01    2.030e-04  
  5.9000e-01    2.036e-04  
  5.9500e-01    2.042e-04  
  6.0000e-01    2.047e-04  
  6.0500e-01    2.053e-04  
  6.1000e-01    2.058e-04  
  6.1500e-01    2.063e-04  
  6.2000e-01    2.069e-04  
  6.2500e-01    2.074e-04  
  6.3000e-01    2.079e-04  
  6.3500e-01    2.084e-04  
  6.4000e-01    2.089e-04  
  6.4500e-01    2.094e-04  
  6.5000e-01    2.098e-04  
  6.5500e-01    2.103e-04  
  6.6000e-01    2.108e-04  
  6.6500e-01    2.112e-04  
  6.7000e-01    2.117e-04  
  6.7500e-01    2.121e-04  
  6.8000e-01    2.126e-04  
  6.8500e-01    2.130e-04  
  6.9000e-01    2.134e-04  
  6.9500e-01    2.139e-04  
  7.0000e-01    2.143e-04  
  7.0500e-01    2.147e-04  
  7.1000e-01    2.151e-04  
  7.1500e-01    2.155e-04  
  7.2000e-01    2.159e-04  
  7.2500e-01    2.163e-04  
  7.3000e-01    2.167e-04  
  7.3500e-01    2.171e-04  
  7.4000e-01    2.175e-04  
  7.4500e-01    2.179e-04  
  7.5000e-01    2.182e-04  
  7.5500e-01    2.186e-04  
  7.6000e-01    2.190e-04  
  7.6500e-01    2.194e-04  
  7.7000e-01    2.197e-04  
  7.7500e-01    2.201e-04  
  7.8000e-01    2.204e-04  
  7.8500e-01    2.208e-04  
  7.9000e-01    2.212e-04  
  7.9500e-01    2.215e-04  
  8.0000e-01    2.218e-04  
  8.0500e-01    2.222e-04  
  8.1000e-01    2.225e-04  
  8.1500e-01    2.229e-04  
  8.2000e-01    2.232e-04  
  8.2500e-01    2.235e-04  
  8.3000e-01    2.239e-04  
  8.3500e-01    2.242e-04  
  8.4000e-01    2.245e-04  
  8.4500e-01    2.248e-04  
  8.5000e-01    2.252e-04  
  8.5500e-01    2.255e-04  
  8.6000e-01    2.258e-04  
  8.6500e-01    2.261e-04  
  8.7000e-01    2.264e-04  
  8.7500e-01    2.267e-04  
  8.8000e-01    2.270e-04  
  8.8500e-01    2.274e-04  
  8.9000e-01    2.277e-04  
  8.9500e-01    2.280e-04  
  9.0000e-01    2.283e-04  
  9.0500e-01    2.286e-04  
  9.1000e-01    2.289e-04  
  9.1500e-01    2.291e-04  
  9.2000e-01    2.294e-04  
  9.2500e-01    2.297e-04  
  9.3000e-01    2.300e-04  
  9.3500e-01    2.303e-04  
  9.4000e-01    2.306e-04  
  9.4500e-01    2.309e-04  
  9.5000e-01    2.312e-04  
  9.5500e-01    2.315e-04  
  9.6000e-01    2.317e-04  
  9.6500e-01    2.320e-04  
  9.7000e-01    2.323e-04  
  9.7500e-01    2.326e-04  
  9.8000e-01    2.329e-04  
  9.8500e-01    2.331e-04  
  9.9000e-01    2.334e-04  
  9.9500e-01    2.337e-04  
  1.0000e+00    2.339e-04  
  1.0050e+00    2.342e-04  
  1.0100e+00    2.345e-04  
  1.0150e+00    2.348e-04  
  1.0200e+00    2.350e-04  
  1.0250e+00    2.353e-04  
  1.0300e+00    2.356e-04  
  1.0350e+00    2.358e-04  
  1.0400e+00    2.361e-04  
  1.0450e+00    2.364e-04  
  1.0500e+00    2.366e-04  
  1.0550e+00    2.369e-04  
  1.0600e+00    2.372e-04  
  1.0650e+00    2.374e-04  
  1.0700e+00    2.377e-04  
  1.0750e+00    2.379e-04  
  1.0800e+00    2.382e-04  
  1.0850e+00    2.385e-04  
  1.0900e+00    2.387e-04  
  1.0950e+00    2.390e-04  
  1.1000e+00    2.393e-04  
  1.1050e+00    2.395e-04  
  1.1100e+00    2.398e-04  
  1.1150e+00    2.400e-04  
  1.1200e+00    2.403e-04  
  1.1250e+00    2.406e-04  
  1.1300e+00    2.408e-04  
  1.1350e+00    2.411e-04  
  1.1400e+00    2.414e-04  
  1.1450e+00    2.416e-04  
  1.1500e+00    2.419e-04  
  1.1550e+00    2.422e-04  
  1.1600e+00    2.424e-04  
  1.1650e+00    2.427e-04  
  1.1700e+00    2.430e-04  
  1.1750e+00    2.433e-04  
  1.1800e+00    2.435e-04  
  1.1850e+00    2.438e-04  
  1.1900e+00    2.441e-04  
  1.1950e+00    2.444e-04  
  1.2000e+00    2.446e-04  
  1.2050e+00    2.449e-04  
  1.2100e+00    2.452e-04  
  1.2150e+00    2.455e-04  
  1.2200e+00    2.458e-04  
  1.2250e+00    2.461e-04  
  1.2300e+00    2.464e-04  
  1.2350e+00    2.467e-04  
  1.2400e+00    2.470e-04  
  1.2450e+00    2.473e-04  
  1.2500e+00    2.476e-04  
  1.2550e+00    2.479e-04  
  1.2600e+00    2.482e-04  
  1.2650e+00    2.485e-04  
  1.2700e+00    2.489e-04  
  1.2750e+00    2.492e-04  
  1.2800e+00    2.495e-04  
  1.2850e+00    2.498e-04  
  1.2900e+00    2.502e-04  
  1.2950e+00    2.505e-04  
  1.3000e+00    2.509e-04  
  1.3050e+00    2.512e-04  
  1.3100e+00    2.516e-04  
  1.3150e+00    2.519e-04  
  1.3200e+00    2.523e-04  
  1.3250e+00    2.527e-04  
  1.3300e+00    2.530e-04  
  1.3350e+00    2.534e-04  
  1.3400e+00    2.538e-04  
  1.3450e+00    2.542e-04  
  1.3500e+00    2.546e-04  
  1.3550e+00    2.550e-04  
  1.3600e+00    2.554e-04  
  1.3650e+00    2.558e-04  
  1.3700e+00    2.563e-04  
  1.3750e+00    2.567e-04  
  1.3800e+00    2.571e-04  
  1.3850e+00    2.576e-04  
  1.3900e+00    2.580e-04  
  1.3950e+00    2.585e-04  
  1.4000e+00    2.590e-04  
  1.4050e+00    2.594e-04  
  1.4100e+00    2.599e-04  
  1.4150e+00    2.604e-04  
  1.4200e+00    2.609e-04  
  1.4250e+00    2.614e-04  
  1.4300e+00    2.619e-04  
  1.4350e+00    2.625e-04  
  1.4400e+00    2.630e-04  
  1.4450e+00    2.636e-04  
  1.4500e+00    2.641e-04  
  1.4550e+00    2.647e-04  
  1.4600e+00    2.653e-04  
  1.4650e+00    2.658e-04  
  1.4700e+00    2.664e-04  
  1.4750e+00    2.670e-04  
  1.4800e+00    2.677e-04  
  1.4850e+00    2.683e-04  
  1.4900e+00    2.689e-04  
  1.4950e+00    2.696e-04  
  1.5000e+00    2.702e-04  
