0.0000e+00 -1.316e-38
2.5000e-03 2.553e-06
5.0000e-03 5.105e-06
7.5000e-03 7.658e-06
1.0000e-02 1.021e-05
1.2500e-02 1.277e-05
1.5000e-02 1.533e-05
1.7500e-02 1.790e-05
2.0000e-02 2.047e-05
2.2500e-02 2.305e-05
2.5000e-02 2.564e-05
2.7500e-02 2.824e-05
3.0000e-02 3.085e-05
3.2500e-02 3.347e-05
3.5000e-02 3.610e-05
3.7500e-02 3.874e-05
4.0000e-02 4.140e-05
4.2500e-02 4.407e-05
4.5000e-02 4.676e-05
4.7500e-02 4.946e-05
5.0000e-02 5.218e-05
5.2500e-02 5.491e-05
5.5000e-02 5.766e-05
5.7500e-02 6.043e-05
6.0000e-02 6.321e-05
6.2500e-02 6.601e-05
6.5000e-02 6.882e-05
6.7500e-02 7.165e-05
7.0000e-02 7.450e-05
7.2500e-02 7.736e-05
7.5000e-02 8.023e-05
7.7500e-02 8.312e-05
8.0000e-02 8.601e-05
8.2500e-02 8.892e-05
8.5000e-02 9.184e-05
8.7500e-02 9.476e-05
9.0000e-02 9.769e-05
9.2500e-02 1.006e-04
9.5000e-02 1.035e-04
9.7500e-02 1.065e-04
1.0000e-01 1.094e-04
1.0250e-01 1.123e-04
1.0500e-01 1.152e-04
1.0750e-01 1.180e-04
1.1000e-01 1.208e-04
1.1250e-01 1.236e-04
1.1500e-01 1.263e-04
1.1750e-01 1.290e-04
1.2000e-01 1.316e-04
1.2250e-01 1.340e-04
1.2500e-01 1.364e-04
1.2750e-01 1.386e-04
1.3000e-01 1.406e-04
1.3250e-01 1.423e-04
1.3500e-01 1.437e-04
1.3750e-01 1.448e-04
1.4000e-01 1.453e-04
1.4250e-01 1.451e-04
1.4500e-01 1.442e-04
1.4750e-01 1.421e-04
1.5000e-01 1.385e-04
1.5250e-01 1.332e-04
1.5500e-01 1.257e-04
1.5750e-01 1.161e-04
1.6000e-01 1.048e-04
1.6250e-01 9.288e-05
1.6500e-01 8.139e-05
1.6750e-01 7.120e-05
1.7000e-01 6.260e-05
1.7250e-01 5.553e-05
1.7500e-01 4.976e-05
1.7750e-01 4.504e-05
1.8000e-01 4.114e-05
1.8250e-01 3.790e-05
1.8500e-01 3.518e-05
1.8750e-01 3.286e-05
1.9000e-01 3.088e-05
1.9250e-01 2.916e-05
1.9500e-01 2.766e-05
1.9750e-01 2.634e-05
2.0000e-01 2.517e-05
2.0250e-01 2.414e-05
2.0500e-01 2.321e-05
2.0750e-01 2.237e-05
2.1000e-01 2.161e-05
2.1250e-01 2.092e-05
2.1500e-01 2.029e-05
2.1750e-01 1.972e-05
2.2000e-01 1.919e-05
2.2250e-01 1.871e-05
2.2500e-01 1.826e-05
2.2750e-01 1.784e-05
2.3000e-01 1.746e-05
2.3250e-01 1.710e-05
2.3500e-01 1.676e-05
2.3750e-01 1.645e-05
2.4000e-01 1.616e-05
2.4250e-01 1.588e-05
2.4500e-01 1.563e-05
2.4750e-01 1.538e-05
2.5000e-01 1.515e-05
2.5250e-01 1.494e-05
2.5500e-01 1.474e-05
2.5750e-01 1.454e-05
2.6000e-01 1.436e-05
2.6250e-01 1.419e-05
2.6500e-01 1.403e-05
2.6750e-01 1.387e-05
2.7000e-01 1.372e-05
2.7250e-01 1.359e-05
2.7500e-01 1.345e-05
2.7750e-01 1.333e-05
2.8000e-01 1.321e-05
2.8250e-01 1.309e-05
2.8500e-01 1.299e-05
2.8750e-01 1.288e-05
2.9000e-01 1.279e-05
2.9250e-01 1.269e-05
2.9500e-01 1.260e-05
2.9750e-01 1.252e-05
3.0000e-01 1.244e-05
3.0250e-01 1.237e-05
3.0500e-01 1.230e-05
3.0750e-01 1.223e-05
3.1000e-01 1.216e-05
3.1250e-01 1.210e-05
3.1500e-01 1.205e-05
3.1750e-01 1.199e-05
3.2000e-01 1.194e-05
3.2250e-01 1.190e-05
3.2500e-01 1.185e-05
3.2750e-01 1.181e-05
3.3000e-01 1.178e-05
3.3250e-01 1.174e-05
3.3500e-01 1.171e-05
3.3750e-01 1.168e-05
3.4000e-01 1.166e-05
3.4250e-01 1.164e-05
3.4500e-01 1.162e-05
3.4750e-01 1.160e-05
3.5000e-01 1.159e-05
3.5250e-01 1.158e-05
3.5500e-01 1.157e-05
3.5750e-01 1.157e-05
3.6000e-01 1.157e-05
3.6250e-01 1.157e-05
3.6500e-01 1.157e-05
3.6750e-01 1.158e-05
3.7000e-01 1.159e-05
3.7250e-01 1.161e-05
3.7500e-01 1.163e-05
3.7750e-01 1.165e-05
3.8000e-01 1.167e-05
3.8250e-01 1.170e-05
3.8500e-01 1.173e-05
3.8750e-01 1.177e-05
3.9000e-01 1.181e-05
3.9250e-01 1.186e-05
3.9500e-01 1.190e-05
3.9750e-01 1.196e-05
4.0000e-01 1.201e-05
4.0250e-01 1.207e-05
4.0500e-01 1.214e-05
4.0750e-01 1.221e-05
4.1000e-01 1.229e-05
4.1250e-01 1.237e-05
4.1500e-01 1.246e-05
4.1750e-01 1.255e-05
4.2000e-01 1.264e-05
4.2250e-01 1.275e-05
4.2500e-01 1.286e-05
4.2750e-01 1.297e-05
4.3000e-01 1.310e-05
4.3250e-01 1.323e-05
4.3500e-01 1.336e-05
4.3750e-01 1.351e-05
4.4000e-01 1.366e-05
4.4250e-01 1.382e-05
4.4500e-01 1.398e-05
4.4750e-01 1.416e-05
4.5000e-01 1.435e-05
4.5250e-01 1.454e-05
4.5500e-01 1.475e-05
4.5750e-01 1.496e-05
4.6000e-01 1.519e-05
4.6250e-01 1.542e-05
4.6500e-01 1.567e-05
4.6750e-01 1.593e-05
4.7000e-01 1.620e-05
4.7250e-01 1.648e-05
4.7500e-01 1.678e-05
4.7750e-01 1.709e-05
4.8000e-01 1.742e-05
4.8250e-01 1.776e-05
4.8500e-01 1.812e-05
4.8750e-01 1.849e-05
4.9000e-01 1.888e-05
4.9250e-01 1.929e-05
4.9500e-01 1.972e-05
4.9750e-01 2.016e-05
5.0000e-01 2.063e-05
5.0250e-01 2.112e-05
5.0500e-01 2.163e-05
5.0750e-01 2.216e-05
5.1000e-01 2.271e-05
5.1250e-01 2.330e-05
5.1500e-01 2.390e-05
5.1750e-01 2.454e-05
5.2000e-01 2.520e-05
5.2250e-01 2.589e-05
5.2500e-01 2.661e-05
5.2750e-01 2.737e-05
5.3000e-01 2.816e-05
5.3250e-01 2.898e-05
5.3500e-01 2.984e-05
5.3750e-01 3.073e-05
5.4000e-01 3.167e-05
5.4250e-01 3.264e-05
5.4500e-01 3.366e-05
5.4750e-01 3.473e-05
5.5000e-01 3.584e-05
5.5250e-01 3.700e-05
5.5500e-01 3.821e-05
5.5750e-01 3.947e-05
5.6000e-01 4.079e-05
5.6250e-01 4.217e-05
5.6500e-01 4.360e-05
5.6750e-01 4.510e-05
5.7000e-01 4.666e-05
5.7250e-01 4.829e-05
5.7500e-01 5.000e-05
5.7750e-01 5.177e-05
5.8000e-01 5.363e-05
5.8250e-01 5.556e-05
5.8500e-01 5.758e-05
5.8750e-01 5.968e-05
5.9000e-01 6.188e-05
5.9250e-01 6.417e-05
5.9500e-01 6.656e-05
5.9750e-01 6.906e-05
6.0000e-01 7.166e-05
6.0250e-01 7.438e-05
6.0500e-01 7.721e-05
6.0750e-01 8.017e-05
6.1000e-01 8.325e-05
6.1250e-01 8.647e-05
6.1500e-01 8.982e-05
6.1750e-01 9.332e-05
6.2000e-01 9.697e-05
6.2250e-01 1.008e-04
6.2500e-01 1.048e-04
6.2750e-01 1.089e-04
6.3000e-01 1.132e-04
6.3250e-01 1.177e-04
6.3500e-01 1.224e-04
6.3750e-01 1.274e-04
6.4000e-01 1.325e-04
6.4250e-01 1.378e-04
6.4500e-01 1.434e-04
6.4750e-01 1.492e-04
6.5000e-01 1.553e-04
6.5250e-01 1.616e-04
6.5500e-01 1.682e-04
6.5750e-01 1.750e-04
6.6000e-01 1.822e-04
6.6250e-01 1.897e-04
6.6500e-01 1.975e-04
6.6750e-01 2.056e-04
6.7000e-01 2.141e-04
6.7250e-01 2.230e-04
6.7500e-01 2.322e-04
6.7750e-01 2.418e-04
6.8000e-01 2.519e-04
6.8250e-01 2.623e-04
6.8500e-01 2.732e-04
6.8750e-01 2.846e-04
6.9000e-01 2.965e-04
6.9250e-01 3.089e-04
6.9500e-01 3.218e-04
6.9750e-01 3.353e-04
7.0000e-01 3.493e-04
7.0250e-01 3.639e-04
7.0500e-01 3.792e-04
7.0750e-01 3.951e-04
7.1000e-01 4.117e-04
7.1250e-01 4.290e-04
7.1500e-01 4.470e-04
7.1750e-01 4.658e-04
7.2000e-01 4.854e-04
7.2250e-01 5.058e-04
7.2500e-01 5.271e-04
7.2750e-01 5.493e-04
7.3000e-01 5.725e-04
7.3250e-01 5.966e-04
7.3500e-01 6.218e-04
7.3750e-01 6.480e-04
7.4000e-01 6.753e-04
7.4250e-01 7.038e-04
7.4500e-01 7.334e-04
7.4750e-01 7.644e-04
7.5000e-01 7.966e-04
7.5250e-01 8.302e-04
7.5500e-01 8.651e-04
7.5750e-01 9.016e-04
7.6000e-01 9.396e-04
7.6250e-01 9.792e-04
7.6500e-01 1.020e-03
7.6750e-01 1.063e-03
7.7000e-01 1.108e-03
7.7250e-01 1.155e-03
7.7500e-01 1.203e-03
7.7750e-01 1.254e-03
7.8000e-01 1.306e-03
7.8250e-01 1.361e-03
7.8500e-01 1.418e-03
7.8750e-01 1.478e-03
7.9000e-01 1.539e-03
7.9250e-01 1.604e-03
7.9500e-01 1.671e-03
7.9750e-01 1.741e-03
8.0000e-01 1.813e-03
8.0250e-01 1.889e-03
8.0500e-01 1.967e-03
8.0750e-01 2.049e-03
8.1000e-01 2.134e-03
8.1250e-01 2.223e-03
8.1500e-01 2.315e-03
8.1750e-01 2.411e-03
8.2000e-01 2.510e-03
8.2250e-01 2.614e-03
8.2500e-01 2.721e-03
8.2750e-01 2.833e-03
8.3000e-01 2.949e-03
8.3250e-01 3.070e-03
8.3500e-01 3.195e-03
8.3750e-01 3.326e-03
8.4000e-01 3.461e-03
8.4250e-01 3.602e-03
8.4500e-01 3.747e-03
8.4750e-01 3.899e-03
8.5000e-01 4.056e-03
8.5250e-01 4.219e-03
8.5500e-01 4.389e-03
8.5750e-01 4.564e-03
8.6000e-01 4.746e-03
8.6250e-01 4.935e-03
8.6500e-01 5.131e-03
8.6750e-01 5.334e-03
8.7000e-01 5.544e-03
8.7250e-01 5.762e-03
8.7500e-01 5.988e-03
8.7750e-01 6.221e-03
8.8000e-01 6.463e-03
8.8250e-01 6.713e-03
8.8500e-01 6.972e-03
8.8750e-01 7.240e-03
8.9000e-01 7.517e-03
8.9250e-01 7.804e-03
8.9500e-01 8.100e-03
8.9750e-01 8.406e-03
9.0000e-01 8.722e-03
9.0250e-01 9.048e-03
9.0500e-01 9.385e-03
9.0750e-01 9.732e-03
9.1000e-01 1.009e-02
9.1250e-01 1.046e-02
9.1500e-01 1.084e-02
9.1750e-01 1.124e-02
9.2000e-01 1.164e-02
9.2250e-01 1.206e-02
9.2500e-01 1.249e-02
9.2750e-01 1.293e-02
9.3000e-01 1.338e-02
9.3250e-01 1.385e-02
9.3500e-01 1.433e-02
9.3750e-01 1.483e-02
9.4000e-01 1.533e-02
9.4250e-01 1.585e-02
9.4500e-01 1.639e-02
9.4750e-01 1.694e-02
9.5000e-01 1.750e-02
9.5250e-01 1.808e-02
9.5500e-01 1.867e-02
9.5750e-01 1.928e-02
9.6000e-01 1.990e-02
9.6250e-01 2.054e-02
9.6500e-01 2.119e-02
9.6750e-01 2.186e-02
9.7000e-01 2.254e-02
9.7250e-01 2.324e-02
9.7500e-01 2.395e-02
9.7750e-01 2.468e-02
9.8000e-01 2.542e-02
9.8250e-01 2.618e-02
9.8500e-01 2.696e-02
9.8750e-01 2.775e-02
9.9000e-01 2.855e-02
9.9250e-01 2.937e-02
9.9500e-01 3.021e-02
9.9750e-01 3.107e-02
1.0000e+00 3.193e-02
1.0025e+00 3.282e-02
1.0050e+00 3.372e-02
1.0075e+00 3.463e-02
1.0100e+00 3.556e-02
1.0125e+00 3.651e-02
1.0150e+00 3.747e-02
1.0175e+00 3.845e-02
1.0200e+00 3.944e-02
1.0225e+00 4.045e-02
1.0250e+00 4.147e-02
1.0275e+00 4.251e-02
1.0300e+00 4.356e-02
1.0325e+00 4.463e-02
1.0350e+00 4.571e-02
1.0375e+00 4.681e-02
1.0400e+00 4.792e-02
1.0425e+00 4.905e-02
1.0450e+00 5.019e-02
1.0475e+00 5.134e-02
1.0500e+00 5.251e-02
1.0525e+00 5.370e-02
1.0550e+00 5.489e-02
1.0575e+00 5.610e-02
1.0600e+00 5.733e-02
1.0625e+00 5.856e-02
1.0650e+00 5.981e-02
1.0675e+00 6.108e-02
1.0700e+00 6.235e-02
1.0725e+00 6.364e-02
1.0750e+00 6.495e-02
1.0775e+00 6.626e-02
1.0800e+00 6.759e-02
1.0825e+00 6.893e-02
1.0850e+00 7.028e-02
1.0875e+00 7.164e-02
1.0900e+00 7.302e-02
1.0925e+00 7.440e-02
1.0950e+00 7.580e-02
1.0975e+00 7.721e-02
1.1000e+00 7.863e-02
1.1025e+00 8.007e-02
1.1050e+00 8.151e-02
1.1075e+00 8.296e-02
1.1100e+00 8.443e-02
1.1125e+00 8.591e-02
1.1150e+00 8.739e-02
1.1175e+00 8.889e-02
1.1200e+00 9.039e-02
1.1225e+00 9.191e-02
1.1250e+00 9.344e-02
1.1275e+00 9.497e-02
1.1300e+00 9.652e-02
1.1325e+00 9.807e-02
1.1350e+00 9.964e-02
1.1375e+00 1.012e-01
1.1400e+00 1.028e-01
1.1425e+00 1.044e-01
1.1450e+00 1.060e-01
1.1475e+00 1.076e-01
1.1500e+00 1.092e-01
1.1525e+00 1.108e-01
1.1550e+00 1.125e-01
1.1575e+00 1.141e-01
1.1600e+00 1.158e-01
1.1625e+00 1.174e-01
1.1650e+00 1.191e-01
1.1675e+00 1.208e-01
1.1700e+00 1.224e-01
1.1725e+00 1.241e-01
1.1750e+00 1.258e-01
1.1775e+00 1.275e-01
1.1800e+00 1.292e-01
1.1825e+00 1.310e-01
1.1850e+00 1.327e-01
1.1875e+00 1.344e-01
1.1900e+00 1.362e-01
1.1925e+00 1.379e-01
1.1950e+00 1.397e-01
1.1975e+00 1.414e-01
1.2000e+00 1.432e-01
