0.0000e+00 2.120e-09
2.5000e-03 1.612e-06
5.0000e-03 3.214e-06
7.5000e-03 4.808e-06
1.0000e-02 6.395e-06
1.2500e-02 7.973e-06
1.5000e-02 9.544e-06
1.7500e-02 1.111e-05
2.0000e-02 1.266e-05
2.2500e-02 1.421e-05
2.5000e-02 1.575e-05
2.7500e-02 1.728e-05
3.0000e-02 1.881e-05
3.2500e-02 2.033e-05
3.5000e-02 2.184e-05
3.7500e-02 2.334e-05
4.0000e-02 2.483e-05
4.2500e-02 2.632e-05
4.5000e-02 2.780e-05
4.7500e-02 2.927e-05
5.0000e-02 3.074e-05
5.2500e-02 3.220e-05
5.5000e-02 3.365e-05
5.7500e-02 3.509e-05
6.0000e-02 3.653e-05
6.2500e-02 3.796e-05
6.5000e-02 3.938e-05
6.7500e-02 4.079e-05
7.0000e-02 4.220e-05
7.2500e-02 4.360e-05
7.5000e-02 4.499e-05
7.7500e-02 4.637e-05
8.0000e-02 4.775e-05
8.2500e-02 4.912e-05
8.5000e-02 5.049e-05
8.7500e-02 5.184e-05
9.0000e-02 5.319e-05
9.2500e-02 5.454e-05
9.5000e-02 5.587e-05
9.7500e-02 5.720e-05
1.0000e-01 5.852e-05
1.0250e-01 5.984e-05
1.0500e-01 6.114e-05
1.0750e-01 6.244e-05
1.1000e-01 6.374e-05
1.1250e-01 6.503e-05
1.1500e-01 6.630e-05
1.1750e-01 6.758e-05
1.2000e-01 6.884e-05
1.2250e-01 7.010e-05
1.2500e-01 7.136e-05
1.2750e-01 7.260e-05
1.3000e-01 7.384e-05
1.3250e-01 7.507e-05
1.3500e-01 7.630e-05
1.3750e-01 7.752e-05
1.4000e-01 7.873e-05
1.4250e-01 7.994e-05
1.4500e-01 8.114e-05
1.4750e-01 8.233e-05
1.5000e-01 8.351e-05
1.5250e-01 8.469e-05
1.5500e-01 8.586e-05
1.5750e-01 8.703e-05
1.6000e-01 8.819e-05
1.6250e-01 8.934e-05
1.6500e-01 9.049e-05
1.6750e-01 9.163e-05
1.7000e-01 9.276e-05
1.7250e-01 9.389e-05
1.7500e-01 9.501e-05
1.7750e-01 9.613e-05
1.8000e-01 9.723e-05
1.8250e-01 9.833e-05
1.8500e-01 9.943e-05
1.8750e-01 1.005e-04
1.9000e-01 1.016e-04
1.9250e-01 1.027e-04
1.9500e-01 1.037e-04
1.9750e-01 1.048e-04
2.0000e-01 1.059e-04
2.0250e-01 1.069e-04
2.0500e-01 1.080e-04
2.0750e-01 1.090e-04
2.1000e-01 1.100e-04
2.1250e-01 1.111e-04
2.1500e-01 1.121e-04
2.1750e-01 1.131e-04
2.2000e-01 1.141e-04
2.2250e-01 1.151e-04
2.2500e-01 1.161e-04
2.2750e-01 1.171e-04
2.3000e-01 1.181e-04
2.3250e-01 1.191e-04
2.3500e-01 1.200e-04
2.3750e-01 1.210e-04
2.4000e-01 1.219e-04
2.4250e-01 1.229e-04
2.4500e-01 1.238e-04
2.4750e-01 1.248e-04
2.5000e-01 1.257e-04
2.5250e-01 1.267e-04
2.5500e-01 1.276e-04
2.5750e-01 1.285e-04
2.6000e-01 1.294e-04
2.6250e-01 1.303e-04
2.6500e-01 1.312e-04
2.6750e-01 1.321e-04
2.7000e-01 1.330e-04
2.7250e-01 1.339e-04
2.7500e-01 1.348e-04
2.7750e-01 1.356e-04
2.8000e-01 1.365e-04
2.8250e-01 1.374e-04
2.8500e-01 1.382e-04
2.8750e-01 1.391e-04
2.9000e-01 1.399e-04
2.9250e-01 1.407e-04
2.9500e-01 1.416e-04
2.9750e-01 1.424e-04
3.0000e-01 1.432e-04
3.0250e-01 1.440e-04
3.0500e-01 1.448e-04
3.0750e-01 1.456e-04
3.1000e-01 1.464e-04
3.1250e-01 1.472e-04
3.1500e-01 1.480e-04
3.1750e-01 1.488e-04
3.2000e-01 1.496e-04
3.2250e-01 1.503e-04
3.2500e-01 1.511e-04
3.2750e-01 1.519e-04
3.3000e-01 1.526e-04
3.3250e-01 1.534e-04
3.3500e-01 1.541e-04
3.3750e-01 1.548e-04
3.4000e-01 1.556e-04
3.4250e-01 1.563e-04
3.4500e-01 1.570e-04
3.4750e-01 1.577e-04
3.5000e-01 1.584e-04
3.5250e-01 1.591e-04
3.5500e-01 1.598e-04
3.5750e-01 1.605e-04
3.6000e-01 1.612e-04
3.6250e-01 1.619e-04
3.6500e-01 1.626e-04
3.6750e-01 1.633e-04
3.7000e-01 1.639e-04
3.7250e-01 1.646e-04
3.7500e-01 1.652e-04
3.7750e-01 1.659e-04
3.8000e-01 1.665e-04
3.8250e-01 1.672e-04
3.8500e-01 1.678e-04
3.8750e-01 1.684e-04
3.9000e-01 1.691e-04
3.9250e-01 1.697e-04
3.9500e-01 1.703e-04
3.9750e-01 1.709e-04
4.0000e-01 1.715e-04
4.0250e-01 1.721e-04
4.0500e-01 1.727e-04
4.0750e-01 1.733e-04
4.1000e-01 1.738e-04
4.1250e-01 1.744e-04
4.1500e-01 1.750e-04
4.1750e-01 1.756e-04
4.2000e-01 1.761e-04
4.2250e-01 1.767e-04
4.2500e-01 1.772e-04
4.2750e-01 1.778e-04
4.3000e-01 1.783e-04
4.3250e-01 1.788e-04
4.3500e-01 1.794e-04
4.3750e-01 1.799e-04
4.4000e-01 1.804e-04
4.4250e-01 1.809e-04
4.4500e-01 1.814e-04
4.4750e-01 1.819e-04
4.5000e-01 1.824e-04
4.5250e-01 1.829e-04
4.5500e-01 1.834e-04
4.5750e-01 1.839e-04
4.6000e-01 1.844e-04
4.6250e-01 1.849e-04
4.6500e-01 1.853e-04
4.6750e-01 1.858e-04
4.7000e-01 1.863e-04
4.7250e-01 1.867e-04
4.7500e-01 1.872e-04
4.7750e-01 1.876e-04
4.8000e-01 1.880e-04
4.8250e-01 1.885e-04
4.8500e-01 1.889e-04
4.8750e-01 1.893e-04
4.9000e-01 1.898e-04
4.9250e-01 1.902e-04
4.9500e-01 1.906e-04
4.9750e-01 1.910e-04
5.0000e-01 1.914e-04
5.0250e-01 1.918e-04
5.0500e-01 1.922e-04
5.0750e-01 1.926e-04
5.1000e-01 1.930e-04
5.1250e-01 1.934e-04
5.1500e-01 1.938e-04
5.1750e-01 1.941e-04
5.2000e-01 1.945e-04
5.2250e-01 1.949e-04
5.2500e-01 1.952e-04
5.2750e-01 1.956e-04
5.3000e-01 1.960e-04
5.3250e-01 1.963e-04
5.3500e-01 1.967e-04
5.3750e-01 1.970e-04
5.4000e-01 1.974e-04
5.4250e-01 1.977e-04
5.4500e-01 1.980e-04
5.4750e-01 1.984e-04
5.5000e-01 1.987e-04
5.5250e-01 1.990e-04
5.5500e-01 1.994e-04
5.5750e-01 1.997e-04
5.6000e-01 2.000e-04
5.6250e-01 2.003e-04
5.6500e-01 2.006e-04
5.6750e-01 2.009e-04
5.7000e-01 2.012e-04
5.7250e-01 2.016e-04
5.7500e-01 2.019e-04
5.7750e-01 2.022e-04
5.8000e-01 2.024e-04
5.8250e-01 2.027e-04
5.8500e-01 2.030e-04
5.8750e-01 2.033e-04
5.9000e-01 2.036e-04
5.9250e-01 2.039e-04
5.9500e-01 2.042e-04
5.9750e-01 2.045e-04
6.0000e-01 2.047e-04
6.0250e-01 2.050e-04
6.0500e-01 2.053e-04
6.0750e-01 2.055e-04
6.1000e-01 2.058e-04
6.1250e-01 2.061e-04
6.1500e-01 2.063e-04
6.1750e-01 2.066e-04
6.2000e-01 2.069e-04
6.2250e-01 2.071e-04
6.2500e-01 2.074e-04
6.2750e-01 2.076e-04
6.3000e-01 2.079e-04
6.3250e-01 2.081e-04
6.3500e-01 2.084e-04
6.3750e-01 2.086e-04
6.4000e-01 2.089e-04
6.4250e-01 2.091e-04
6.4500e-01 2.094e-04
6.4750e-01 2.096e-04
6.5000e-01 2.098e-04
6.5250e-01 2.101e-04
6.5500e-01 2.103e-04
6.5750e-01 2.105e-04
6.6000e-01 2.108e-04
6.6250e-01 2.110e-04
6.6500e-01 2.112e-04
6.6750e-01 2.115e-04
6.7000e-01 2.117e-04
6.7250e-01 2.119e-04
6.7500e-01 2.121e-04
6.7750e-01 2.123e-04
6.8000e-01 2.126e-04
6.8250e-01 2.128e-04
6.8500e-01 2.130e-04
6.8750e-01 2.132e-04
6.9000e-01 2.134e-04
6.9250e-01 2.136e-04
6.9500e-01 2.139e-04
6.9750e-01 2.141e-04
7.0000e-01 2.143e-04
7.0250e-01 2.145e-04
7.0500e-01 2.147e-04
7.0750e-01 2.149e-04
7.1000e-01 2.151e-04
7.1250e-01 2.153e-04
7.1500e-01 2.155e-04
7.1750e-01 2.157e-04
7.2000e-01 2.159e-04
7.2250e-01 2.161e-04
7.2500e-01 2.163e-04
7.2750e-01 2.165e-04
7.3000e-01 2.167e-04
7.3250e-01 2.169e-04
7.3500e-01 2.171e-04
7.3750e-01 2.173e-04
7.4000e-01 2.175e-04
7.4250e-01 2.177e-04
7.4500e-01 2.179e-04
7.4750e-01 2.181e-04
7.5000e-01 2.182e-04
7.5250e-01 2.184e-04
7.5500e-01 2.186e-04
7.5750e-01 2.188e-04
7.6000e-01 2.190e-04
7.6250e-01 2.192e-04
7.6500e-01 2.194e-04
7.6750e-01 2.195e-04
7.7000e-01 2.197e-04
7.7250e-01 2.199e-04
7.7500e-01 2.201e-04
7.7750e-01 2.203e-04
7.8000e-01 2.204e-04
7.8250e-01 2.206e-04
7.8500e-01 2.208e-04
7.8750e-01 2.210e-04
7.9000e-01 2.212e-04
7.9250e-01 2.213e-04
7.9500e-01 2.215e-04
7.9750e-01 2.217e-04
8.0000e-01 2.218e-04
8.0250e-01 2.220e-04
8.0500e-01 2.222e-04
8.0750e-01 2.224e-04
8.1000e-01 2.225e-04
8.1250e-01 2.227e-04
8.1500e-01 2.229e-04
8.1750e-01 2.230e-04
8.2000e-01 2.232e-04
8.2250e-01 2.234e-04
8.2500e-01 2.235e-04
8.2750e-01 2.237e-04
8.3000e-01 2.239e-04
8.3250e-01 2.240e-04
8.3500e-01 2.242e-04
8.3750e-01 2.244e-04
8.4000e-01 2.245e-04
8.4250e-01 2.247e-04
8.4500e-01 2.248e-04
8.4750e-01 2.250e-04
8.5000e-01 2.252e-04
8.5250e-01 2.253e-04
8.5500e-01 2.255e-04
8.5750e-01 2.256e-04
8.6000e-01 2.258e-04
8.6250e-01 2.260e-04
8.6500e-01 2.261e-04
8.6750e-01 2.263e-04
8.7000e-01 2.264e-04
8.7250e-01 2.266e-04
8.7500e-01 2.267e-04
8.7750e-01 2.269e-04
8.8000e-01 2.270e-04
8.8250e-01 2.272e-04
8.8500e-01 2.274e-04
8.8750e-01 2.275e-04
8.9000e-01 2.277e-04
8.9250e-01 2.278e-04
8.9500e-01 2.280e-04
8.9750e-01 2.281e-04
9.0000e-01 2.283e-04
9.0250e-01 2.284e-04
9.0500e-01 2.286e-04
9.0750e-01 2.287e-04
9.1000e-01 2.289e-04
9.1250e-01 2.290e-04
9.1500e-01 2.291e-04
9.1750e-01 2.293e-04
9.2000e-01 2.294e-04
9.2250e-01 2.296e-04
9.2500e-01 2.297e-04
9.2750e-01 2.299e-04
9.3000e-01 2.300e-04
9.3250e-01 2.302e-04
9.3500e-01 2.303e-04
9.3750e-01 2.305e-04
9.4000e-01 2.306e-04
9.4250e-01 2.307e-04
9.4500e-01 2.309e-04
9.4750e-01 2.310e-04
9.5000e-01 2.312e-04
9.5250e-01 2.313e-04
9.5500e-01 2.315e-04
9.5750e-01 2.316e-04
9.6000e-01 2.317e-04
9.6250e-01 2.319e-04
9.6500e-01 2.320e-04
9.6750e-01 2.322e-04
9.7000e-01 2.323e-04
9.7250e-01 2.324e-04
9.7500e-01 2.326e-04
9.7750e-01 2.327e-04
9.8000e-01 2.329e-04
9.8250e-01 2.330e-04
9.8500e-01 2.331e-04
9.8750e-01 2.333e-04
9.9000e-01 2.334e-04
9.9250e-01 2.335e-04
9.9500e-01 2.337e-04
9.9750e-01 2.338e-04
1.0000e+00 2.339e-04
1.0025e+00 2.341e-04
1.0050e+00 2.342e-04
1.0075e+00 2.344e-04
1.0100e+00 2.345e-04
1.0125e+00 2.346e-04
1.0150e+00 2.348e-04
1.0175e+00 2.349e-04
1.0200e+00 2.350e-04
1.0225e+00 2.352e-04
1.0250e+00 2.353e-04
1.0275e+00 2.354e-04
1.0300e+00 2.356e-04
1.0325e+00 2.357e-04
1.0350e+00 2.358e-04
1.0375e+00 2.360e-04
1.0400e+00 2.361e-04
1.0425e+00 2.362e-04
1.0450e+00 2.364e-04
1.0475e+00 2.365e-04
1.0500e+00 2.366e-04
1.0525e+00 2.368e-04
1.0550e+00 2.369e-04
1.0575e+00 2.370e-04
1.0600e+00 2.372e-04
1.0625e+00 2.373e-04
1.0650e+00 2.374e-04
1.0675e+00 2.375e-04
1.0700e+00 2.377e-04
1.0725e+00 2.378e-04
1.0750e+00 2.379e-04
1.0775e+00 2.381e-04
1.0800e+00 2.382e-04
1.0825e+00 2.383e-04
1.0850e+00 2.385e-04
1.0875e+00 2.386e-04
1.0900e+00 2.387e-04
1.0925e+00 2.389e-04
1.0950e+00 2.390e-04
1.0975e+00 2.391e-04
1.1000e+00 2.393e-04
1.1025e+00 2.394e-04
1.1050e+00 2.395e-04
1.1075e+00 2.396e-04
1.1100e+00 2.398e-04
1.1125e+00 2.399e-04
1.1150e+00 2.400e-04
1.1175e+00 2.402e-04
1.1200e+00 2.403e-04
1.1225e+00 2.404e-04
1.1250e+00 2.406e-04
1.1275e+00 2.407e-04
1.1300e+00 2.408e-04
1.1325e+00 2.410e-04
1.1350e+00 2.411e-04
1.1375e+00 2.412e-04
1.1400e+00 2.414e-04
1.1425e+00 2.415e-04
1.1450e+00 2.416e-04
1.1475e+00 2.418e-04
1.1500e+00 2.419e-04
1.1525e+00 2.420e-04
1.1550e+00 2.422e-04
1.1575e+00 2.423e-04
1.1600e+00 2.424e-04
1.1625e+00 2.426e-04
1.1650e+00 2.427e-04
1.1675e+00 2.428e-04
1.1700e+00 2.430e-04
1.1725e+00 2.431e-04
1.1750e+00 2.433e-04
1.1775e+00 2.434e-04
1.1800e+00 2.435e-04
1.1825e+00 2.437e-04
1.1850e+00 2.438e-04
1.1875e+00 2.439e-04
1.1900e+00 2.441e-04
1.1925e+00 2.442e-04
1.1950e+00 2.444e-04
1.1975e+00 2.445e-04
1.2000e+00 2.446e-04
