0.0000e+00 -1.014e-38
2.5000e-03 2.341e-06
5.0000e-03 4.680e-06
7.5000e-03 7.021e-06
1.0000e-02 9.363e-06
1.2500e-02 1.171e-05
1.5000e-02 1.406e-05
1.7500e-02 1.641e-05
2.0000e-02 1.877e-05
2.2500e-02 2.113e-05
2.5000e-02 2.351e-05
2.7500e-02 2.589e-05
3.0000e-02 2.828e-05
3.2500e-02 3.068e-05
3.5000e-02 3.310e-05
3.7500e-02 3.552e-05
4.0000e-02 3.796e-05
4.2500e-02 4.041e-05
4.5000e-02 4.287e-05
4.7500e-02 4.535e-05
5.0000e-02 4.784e-05
5.2500e-02 5.035e-05
5.5000e-02 5.287e-05
5.7500e-02 5.540e-05
6.0000e-02 5.795e-05
6.2500e-02 6.052e-05
6.5000e-02 6.310e-05
6.7500e-02 6.569e-05
7.0000e-02 6.830e-05
7.2500e-02 7.092e-05
7.5000e-02 7.356e-05
7.7500e-02 7.620e-05
8.0000e-02 7.886e-05
8.2500e-02 8.152e-05
8.5000e-02 8.420e-05
8.7500e-02 8.688e-05
9.0000e-02 8.956e-05
9.2500e-02 9.224e-05
9.5000e-02 9.493e-05
9.7500e-02 9.761e-05
1.0000e-01 1.003e-04
1.0250e-01 1.029e-04
1.0500e-01 1.056e-04
1.0750e-01 1.082e-04
1.1000e-01 1.108e-04
1.1250e-01 1.133e-04
1.1500e-01 1.158e-04
1.1750e-01 1.183e-04
1.2000e-01 1.206e-04
1.2250e-01 1.229e-04
1.2500e-01 1.250e-04
1.2750e-01 1.270e-04
1.3000e-01 1.289e-04
1.3250e-01 1.305e-04
1.3500e-01 1.318e-04
1.3750e-01 1.327e-04
1.4000e-01 1.332e-04
1.4250e-01 1.331e-04
1.4500e-01 1.321e-04
1.4750e-01 1.302e-04
1.5000e-01 1.270e-04
1.5250e-01 1.220e-04
1.5500e-01 1.152e-04
1.5750e-01 1.064e-04
1.6000e-01 9.607e-05
1.6250e-01 8.511e-05
1.6500e-01 7.458e-05
1.6750e-01 6.525e-05
1.7000e-01 5.737e-05
1.7250e-01 5.089e-05
1.7500e-01 4.561e-05
1.7750e-01 4.128e-05
1.8000e-01 3.771e-05
1.8250e-01 3.474e-05
1.8500e-01 3.224e-05
1.8750e-01 3.012e-05
1.9000e-01 2.830e-05
1.9250e-01 2.673e-05
1.9500e-01 2.535e-05
1.9750e-01 2.415e-05
2.0000e-01 2.308e-05
2.0250e-01 2.212e-05
2.0500e-01 2.127e-05
2.0750e-01 2.050e-05
2.1000e-01 1.981e-05
2.1250e-01 1.918e-05
2.1500e-01 1.860e-05
2.1750e-01 1.808e-05
2.2000e-01 1.759e-05
2.2250e-01 1.715e-05
2.2500e-01 1.674e-05
2.2750e-01 1.636e-05
2.3000e-01 1.600e-05
2.3250e-01 1.567e-05
2.3500e-01 1.537e-05
2.3750e-01 1.508e-05
2.4000e-01 1.481e-05
2.4250e-01 1.456e-05
2.4500e-01 1.432e-05
2.4750e-01 1.410e-05
2.5000e-01 1.389e-05
2.5250e-01 1.369e-05
2.5500e-01 1.351e-05
2.5750e-01 1.333e-05
2.6000e-01 1.317e-05
2.6250e-01 1.301e-05
2.6500e-01 1.286e-05
2.6750e-01 1.272e-05
2.7000e-01 1.258e-05
2.7250e-01 1.245e-05
2.7500e-01 1.233e-05
2.7750e-01 1.222e-05
2.8000e-01 1.211e-05
2.8250e-01 1.200e-05
2.8500e-01 1.190e-05
2.8750e-01 1.181e-05
2.9000e-01 1.172e-05
2.9250e-01 1.164e-05
2.9500e-01 1.155e-05
2.9750e-01 1.148e-05
3.0000e-01 1.141e-05
3.0250e-01 1.134e-05
3.0500e-01 1.127e-05
3.0750e-01 1.121e-05
3.1000e-01 1.115e-05
3.1250e-01 1.110e-05
3.1500e-01 1.104e-05
3.1750e-01 1.099e-05
3.2000e-01 1.095e-05
3.2250e-01 1.091e-05
3.2500e-01 1.087e-05
3.2750e-01 1.083e-05
3.3000e-01 1.080e-05
3.3250e-01 1.076e-05
3.3500e-01 1.074e-05
3.3750e-01 1.071e-05
3.4000e-01 1.069e-05
3.4250e-01 1.067e-05
3.4500e-01 1.065e-05
3.4750e-01 1.063e-05
3.5000e-01 1.062e-05
3.5250e-01 1.061e-05
3.5500e-01 1.061e-05
3.5750e-01 1.060e-05
3.6000e-01 1.060e-05
3.6250e-01 1.060e-05
3.6500e-01 1.061e-05
3.6750e-01 1.062e-05
3.7000e-01 1.063e-05
3.7250e-01 1.064e-05
3.7500e-01 1.066e-05
3.7750e-01 1.068e-05
3.8000e-01 1.070e-05
3.8250e-01 1.073e-05
3.8500e-01 1.076e-05
3.8750e-01 1.079e-05
3.9000e-01 1.083e-05
3.9250e-01 1.087e-05
3.9500e-01 1.091e-05
3.9750e-01 1.096e-05
4.0000e-01 1.101e-05
4.0250e-01 1.107e-05
4.0500e-01 1.113e-05
4.0750e-01 1.119e-05
4.1000e-01 1.126e-05
4.1250e-01 1.134e-05
4.1500e-01 1.142e-05
4.1750e-01 1.150e-05
4.2000e-01 1.159e-05
4.2250e-01 1.169e-05
4.2500e-01 1.179e-05
4.2750e-01 1.189e-05
4.3000e-01 1.201e-05
4.3250e-01 1.212e-05
4.3500e-01 1.225e-05
4.3750e-01 1.238e-05
4.4000e-01 1.252e-05
4.4250e-01 1.267e-05
4.4500e-01 1.282e-05
4.4750e-01 1.298e-05
4.5000e-01 1.315e-05
4.5250e-01 1.333e-05
4.5500e-01 1.352e-05
4.5750e-01 1.371e-05
4.6000e-01 1.392e-05
4.6250e-01 1.414e-05
4.6500e-01 1.436e-05
4.6750e-01 1.460e-05
4.7000e-01 1.485e-05
4.7250e-01 1.511e-05
4.7500e-01 1.538e-05
4.7750e-01 1.567e-05
4.8000e-01 1.597e-05
4.8250e-01 1.628e-05
4.8500e-01 1.661e-05
4.8750e-01 1.695e-05
4.9000e-01 1.731e-05
4.9250e-01 1.768e-05
4.9500e-01 1.807e-05
4.9750e-01 1.848e-05
5.0000e-01 1.891e-05
5.0250e-01 1.936e-05
5.0500e-01 1.983e-05
5.0750e-01 2.031e-05
5.1000e-01 2.082e-05
5.1250e-01 2.136e-05
5.1500e-01 2.191e-05
5.1750e-01 2.249e-05
5.2000e-01 2.310e-05
5.2250e-01 2.374e-05
5.2500e-01 2.440e-05
5.2750e-01 2.509e-05
5.3000e-01 2.581e-05
5.3250e-01 2.656e-05
5.3500e-01 2.735e-05
5.3750e-01 2.817e-05
5.4000e-01 2.903e-05
5.4250e-01 2.993e-05
5.4500e-01 3.086e-05
5.4750e-01 3.184e-05
5.5000e-01 3.286e-05
5.5250e-01 3.392e-05
5.5500e-01 3.503e-05
5.5750e-01 3.619e-05
5.6000e-01 3.739e-05
5.6250e-01 3.866e-05
5.6500e-01 3.997e-05
5.6750e-01 4.135e-05
5.7000e-01 4.278e-05
5.7250e-01 4.427e-05
5.7500e-01 4.584e-05
5.7750e-01 4.746e-05
5.8000e-01 4.916e-05
5.8250e-01 5.094e-05
5.8500e-01 5.279e-05
5.8750e-01 5.472e-05
5.9000e-01 5.673e-05
5.9250e-01 5.883e-05
5.9500e-01 6.102e-05
5.9750e-01 6.331e-05
6.0000e-01 6.570e-05
6.0250e-01 6.819e-05
6.0500e-01 7.079e-05
6.0750e-01 7.350e-05
6.1000e-01 7.632e-05
6.1250e-01 7.927e-05
6.1500e-01 8.235e-05
6.1750e-01 8.556e-05
6.2000e-01 8.891e-05
6.2250e-01 9.240e-05
6.2500e-01 9.605e-05
6.2750e-01 9.985e-05
6.3000e-01 1.038e-04
6.3250e-01 1.079e-04
6.3500e-01 1.123e-04
6.3750e-01 1.168e-04
6.4000e-01 1.215e-04
6.4250e-01 1.264e-04
6.4500e-01 1.315e-04
6.4750e-01 1.368e-04
6.5000e-01 1.424e-04
6.5250e-01 1.481e-04
6.5500e-01 1.542e-04
6.5750e-01 1.605e-04
6.6000e-01 1.671e-04
6.6250e-01 1.739e-04
6.6500e-01 1.811e-04
6.6750e-01 1.886e-04
6.7000e-01 1.963e-04
6.7250e-01 2.045e-04
6.7500e-01 2.129e-04
6.7750e-01 2.218e-04
6.8000e-01 2.310e-04
6.8250e-01 2.406e-04
6.8500e-01 2.506e-04
6.8750e-01 2.610e-04
6.9000e-01 2.719e-04
6.9250e-01 2.833e-04
6.9500e-01 2.951e-04
6.9750e-01 3.075e-04
7.0000e-01 3.203e-04
7.0250e-01 3.338e-04
7.0500e-01 3.478e-04
7.0750e-01 3.624e-04
7.1000e-01 3.776e-04
7.1250e-01 3.935e-04
7.1500e-01 4.100e-04
7.1750e-01 4.273e-04
7.2000e-01 4.453e-04
7.2250e-01 4.640e-04
7.2500e-01 4.836e-04
7.2750e-01 5.040e-04
7.3000e-01 5.252e-04
7.3250e-01 5.474e-04
7.3500e-01 5.705e-04
7.3750e-01 5.945e-04
7.4000e-01 6.196e-04
7.4250e-01 6.458e-04
7.4500e-01 6.730e-04
7.4750e-01 7.014e-04
7.5000e-01 7.310e-04
7.5250e-01 7.619e-04
7.5500e-01 7.940e-04
7.5750e-01 8.275e-04
7.6000e-01 8.624e-04
7.6250e-01 8.988e-04
7.6500e-01 9.367e-04
7.6750e-01 9.762e-04
7.7000e-01 1.017e-03
7.7250e-01 1.060e-03
7.7500e-01 1.105e-03
7.7750e-01 1.151e-03
7.8000e-01 1.200e-03
7.8250e-01 1.250e-03
7.8500e-01 1.303e-03
7.8750e-01 1.357e-03
7.9000e-01 1.414e-03
7.9250e-01 1.473e-03
7.9500e-01 1.535e-03
7.9750e-01 1.599e-03
8.0000e-01 1.666e-03
8.0250e-01 1.736e-03
8.0500e-01 1.808e-03
8.0750e-01 1.884e-03
8.1000e-01 1.962e-03
8.1250e-01 2.044e-03
8.1500e-01 2.129e-03
8.1750e-01 2.217e-03
8.2000e-01 2.309e-03
8.2250e-01 2.404e-03
8.2500e-01 2.504e-03
8.2750e-01 2.607e-03
8.3000e-01 2.714e-03
8.3250e-01 2.826e-03
8.3500e-01 2.942e-03
8.3750e-01 3.062e-03
8.4000e-01 3.187e-03
8.4250e-01 3.317e-03
8.4500e-01 3.452e-03
8.4750e-01 3.593e-03
8.5000e-01 3.738e-03
8.5250e-01 3.889e-03
8.5500e-01 4.046e-03
8.5750e-01 4.209e-03
8.6000e-01 4.378e-03
8.6250e-01 4.553e-03
8.6500e-01 4.735e-03
8.6750e-01 4.924e-03
8.7000e-01 5.119e-03
8.7250e-01 5.322e-03
8.7500e-01 5.531e-03
8.7750e-01 5.749e-03
8.8000e-01 5.974e-03
8.8250e-01 6.207e-03
8.8500e-01 6.448e-03
8.8750e-01 6.698e-03
8.9000e-01 6.957e-03
8.9250e-01 7.224e-03
8.9500e-01 7.501e-03
8.9750e-01 7.787e-03
9.0000e-01 8.082e-03
9.0250e-01 8.387e-03
9.0500e-01 8.703e-03
9.0750e-01 9.028e-03
9.1000e-01 9.365e-03
9.1250e-01 9.712e-03
9.1500e-01 1.007e-02
9.1750e-01 1.044e-02
9.2000e-01 1.082e-02
9.2250e-01 1.121e-02
9.2500e-01 1.162e-02
9.2750e-01 1.203e-02
9.3000e-01 1.246e-02
9.3250e-01 1.290e-02
9.3500e-01 1.336e-02
9.3750e-01 1.382e-02
9.4000e-01 1.430e-02
9.4250e-01 1.480e-02
9.4500e-01 1.530e-02
9.4750e-01 1.582e-02
9.5000e-01 1.636e-02
9.5250e-01 1.691e-02
9.5500e-01 1.747e-02
9.5750e-01 1.805e-02
9.6000e-01 1.864e-02
9.6250e-01 1.925e-02
9.6500e-01 1.987e-02
9.6750e-01 2.050e-02
9.7000e-01 2.115e-02
9.7250e-01 2.182e-02
9.7500e-01 2.250e-02
9.7750e-01 2.320e-02
9.8000e-01 2.391e-02
9.8250e-01 2.464e-02
9.8500e-01 2.538e-02
9.8750e-01 2.614e-02
9.9000e-01 2.691e-02
9.9250e-01 2.770e-02
9.9500e-01 2.851e-02
9.9750e-01 2.933e-02
1.0000e+00 3.016e-02
1.0025e+00 3.102e-02
1.0050e+00 3.188e-02
1.0075e+00 3.277e-02
1.0100e+00 3.367e-02
1.0125e+00 3.458e-02
1.0150e+00 3.551e-02
1.0175e+00 3.646e-02
1.0200e+00 3.742e-02
1.0225e+00 3.839e-02
1.0250e+00 3.938e-02
1.0275e+00 4.039e-02
1.0300e+00 4.141e-02
1.0325e+00 4.245e-02
1.0350e+00 4.350e-02
1.0375e+00 4.457e-02
1.0400e+00 4.565e-02
1.0425e+00 4.675e-02
1.0450e+00 4.786e-02
1.0475e+00 4.898e-02
1.0500e+00 5.012e-02
1.0525e+00 5.128e-02
1.0550e+00 5.245e-02
1.0575e+00 5.363e-02
1.0600e+00 5.482e-02
1.0625e+00 5.603e-02
1.0650e+00 5.726e-02
1.0675e+00 5.849e-02
1.0700e+00 5.974e-02
1.0725e+00 6.101e-02
1.0750e+00 6.228e-02
1.0775e+00 6.357e-02
1.0800e+00 6.487e-02
1.0825e+00 6.619e-02
1.0850e+00 6.751e-02
1.0875e+00 6.885e-02
1.0900e+00 7.020e-02
1.0925e+00 7.156e-02
1.0950e+00 7.294e-02
1.0975e+00 7.433e-02
1.1000e+00 7.572e-02
1.1025e+00 7.713e-02
1.1050e+00 7.855e-02
1.1075e+00 7.998e-02
1.1100e+00 8.143e-02
1.1125e+00 8.288e-02
1.1150e+00 8.435e-02
1.1175e+00 8.582e-02
1.1200e+00 8.731e-02
1.1225e+00 8.880e-02
1.1250e+00 9.031e-02
1.1275e+00 9.182e-02
1.1300e+00 9.335e-02
1.1325e+00 9.488e-02
1.1350e+00 9.643e-02
1.1375e+00 9.798e-02
1.1400e+00 9.955e-02
1.1425e+00 1.011e-01
1.1450e+00 1.027e-01
1.1475e+00 1.043e-01
1.1500e+00 1.059e-01
1.1525e+00 1.075e-01
1.1550e+00 1.091e-01
1.1575e+00 1.107e-01
1.1600e+00 1.124e-01
1.1625e+00 1.140e-01
1.1650e+00 1.157e-01
1.1675e+00 1.173e-01
1.1700e+00 1.190e-01
1.1725e+00 1.207e-01
1.1750e+00 1.223e-01
1.1775e+00 1.240e-01
1.1800e+00 1.257e-01
1.1825e+00 1.274e-01
1.1850e+00 1.291e-01
1.1875e+00 1.309e-01
1.1900e+00 1.326e-01
1.1925e+00 1.343e-01
1.1950e+00 1.361e-01
1.1975e+00 1.378e-01
1.2000e+00 1.396e-01
