0.0000e+00 -4.465e-38
2.5000e-03 3.836e-06
5.0000e-03 7.669e-06
7.5000e-03 1.150e-05
1.0000e-02 1.532e-05
1.2500e-02 1.914e-05
1.5000e-02 2.296e-05
1.7500e-02 2.677e-05
2.0000e-02 3.058e-05
2.2500e-02 3.438e-05
2.5000e-02 3.817e-05
2.7500e-02 4.196e-05
3.0000e-02 4.574e-05
3.2500e-02 4.951e-05
3.5000e-02 5.327e-05
3.7500e-02 5.703e-05
4.0000e-02 6.077e-05
4.2500e-02 6.450e-05
4.5000e-02 6.823e-05
4.7500e-02 7.193e-05
5.0000e-02 7.563e-05
5.2500e-02 7.931e-05
5.5000e-02 8.298e-05
5.7500e-02 8.663e-05
6.0000e-02 9.026e-05
6.2500e-02 9.387e-05
6.5000e-02 9.746e-05
6.7500e-02 1.010e-04
7.0000e-02 1.046e-04
7.2500e-02 1.081e-04
7.5000e-02 1.115e-04
7.7500e-02 1.150e-04
8.0000e-02 1.184e-04
8.2500e-02 1.217e-04
8.5000e-02 1.250e-04
8.7500e-02 1.283e-04
9.0000e-02 1.314e-04
9.2500e-02 1.345e-04
9.5000e-02 1.375e-04
9.7500e-02 1.404e-04
1.0000e-01 1.431e-04
1.0250e-01 1.457e-04
1.0500e-01 1.480e-04
1.0750e-01 1.501e-04
1.1000e-01 1.519e-04
1.1250e-01 1.532e-04
1.1500e-01 1.540e-04
1.1750e-01 1.540e-04
1.2000e-01 1.529e-04
1.2250e-01 1.503e-04
1.2500e-01 1.454e-04
1.2750e-01 1.375e-04
1.3000e-01 1.255e-04
1.3250e-01 1.096e-04
1.3500e-01 9.181e-05
1.3750e-01 7.528e-05
1.4000e-01 6.193e-05
1.4250e-01 5.184e-05
1.4500e-01 4.429e-05
1.4750e-01 3.860e-05
1.5000e-01 3.420e-05
1.5250e-01 3.074e-05
1.5500e-01 2.796e-05
1.5750e-01 2.569e-05
1.6000e-01 2.380e-05
1.6250e-01 2.220e-05
1.6500e-01 2.084e-05
1.6750e-01 1.966e-05
1.7000e-01 1.864e-05
1.7250e-01 1.774e-05
1.7500e-01 1.694e-05
1.7750e-01 1.623e-05
1.8000e-01 1.560e-05
1.8250e-01 1.502e-05
1.8500e-01 1.450e-05
1.8750e-01 1.403e-05
1.9000e-01 1.360e-05
1.9250e-01 1.320e-05
1.9500e-01 1.283e-05
1.9750e-01 1.250e-05
2.0000e-01 1.219e-05
2.0250e-01 1.189e-05
2.0500e-01 1.162e-05
2.0750e-01 1.137e-05
2.1000e-01 1.114e-05
2.1250e-01 1.092e-05
2.1500e-01 1.071e-05
2.1750e-01 1.051e-05
2.2000e-01 1.033e-05
2.2250e-01 1.015e-05
2.2500e-01 9.990e-06
2.2750e-01 9.835e-06
2.3000e-01 9.687e-06
2.3250e-01 9.547e-06
2.3500e-01 9.414e-06
2.3750e-01 9.287e-06
2.4000e-01 9.166e-06
2.4250e-01 9.051e-06
2.4500e-01 8.941e-06
2.4750e-01 8.835e-06
2.5000e-01 8.735e-06
2.5250e-01 8.638e-06
2.5500e-01 8.546e-06
2.5750e-01 8.457e-06
2.6000e-01 8.372e-06
2.6250e-01 8.291e-06
2.6500e-01 8.212e-06
2.6750e-01 8.137e-06
2.7000e-01 8.064e-06
2.7250e-01 7.994e-06
2.7500e-01 7.927e-06
2.7750e-01 7.862e-06
2.8000e-01 7.799e-06
2.8250e-01 7.739e-06
2.8500e-01 7.680e-06
2.8750e-01 7.624e-06
2.9000e-01 7.570e-06
2.9250e-01 7.517e-06
2.9500e-01 7.466e-06
2.9750e-01 7.417e-06
3.0000e-01 7.369e-06
3.0250e-01 7.322e-06
3.0500e-01 7.278e-06
3.0750e-01 7.234e-06
3.1000e-01 7.192e-06
3.1250e-01 7.151e-06
3.1500e-01 7.112e-06
3.1750e-01 7.073e-06
3.2000e-01 7.036e-06
3.2250e-01 7.000e-06
3.2500e-01 6.965e-06
3.2750e-01 6.930e-06
3.3000e-01 6.897e-06
3.3250e-01 6.865e-06
3.3500e-01 6.834e-06
3.3750e-01 6.803e-06
3.4000e-01 6.773e-06
3.4250e-01 6.745e-06
3.4500e-01 6.717e-06
3.4750e-01 6.689e-06
3.5000e-01 6.663e-06
3.5250e-01 6.637e-06
3.5500e-01 6.612e-06
3.5750e-01 6.587e-06
3.6000e-01 6.564e-06
3.6250e-01 6.540e-06
3.6500e-01 6.518e-06
3.6750e-01 6.496e-06
3.7000e-01 6.475e-06
3.7250e-01 6.454e-06
3.7500e-01 6.434e-06
3.7750e-01 6.414e-06
3.8000e-01 6.395e-06
3.8250e-01 6.376e-06
3.8500e-01 6.358e-06
3.8750e-01 6.340e-06
3.9000e-01 6.323e-06
3.9250e-01 6.306e-06
3.9500e-01 6.289e-06
3.9750e-01 6.273e-06
4.0000e-01 6.258e-06
4.0250e-01 6.243e-06
4.0500e-01 6.228e-06
4.0750e-01 6.214e-06
4.1000e-01 6.200e-06
4.1250e-01 6.186e-06
4.1500e-01 6.173e-06
4.1750e-01 6.160e-06
4.2000e-01 6.147e-06
4.2250e-01 6.135e-06
4.2500e-01 6.123e-06
4.2750e-01 6.112e-06
4.3000e-01 6.101e-06
4.3250e-01 6.090e-06
4.3500e-01 6.079e-06
4.3750e-01 6.069e-06
4.4000e-01 6.059e-06
4.4250e-01 6.049e-06
4.4500e-01 6.040e-06
4.4750e-01 6.031e-06
4.5000e-01 6.022e-06
4.5250e-01 6.014e-06
4.5500e-01 6.005e-06
4.5750e-01 5.997e-06
4.6000e-01 5.990e-06
4.6250e-01 5.982e-06
4.6500e-01 5.975e-06
4.6750e-01 5.968e-06
4.7000e-01 5.961e-06
4.7250e-01 5.955e-06
4.7500e-01 5.948e-06
4.7750e-01 5.942e-06
4.8000e-01 5.936e-06
4.8250e-01 5.931e-06
4.8500e-01 5.926e-06
4.8750e-01 5.920e-06
4.9000e-01 5.916e-06
4.9250e-01 5.911e-06
4.9500e-01 5.906e-06
4.9750e-01 5.902e-06
5.0000e-01 5.898e-06
5.0250e-01 5.894e-06
5.0500e-01 5.890e-06
5.0750e-01 5.887e-06
5.1000e-01 5.884e-06
5.1250e-01 5.881e-06
5.1500e-01 5.878e-06
5.1750e-01 5.875e-06
5.2000e-01 5.873e-06
5.2250e-01 5.870e-06
5.2500e-01 5.868e-06
5.2750e-01 5.866e-06
5.3000e-01 5.865e-06
5.3250e-01 5.863e-06
5.3500e-01 5.862e-06
5.3750e-01 5.861e-06
5.4000e-01 5.860e-06
5.4250e-01 5.859e-06
5.4500e-01 5.858e-06
5.4750e-01 5.858e-06
5.5000e-01 5.858e-06
5.5250e-01 5.857e-06
5.5500e-01 5.858e-06
5.5750e-01 5.858e-06
5.6000e-01 5.858e-06
5.6250e-01 5.859e-06
5.6500e-01 5.860e-06
5.6750e-01 5.860e-06
5.7000e-01 5.862e-06
5.7250e-01 5.863e-06
5.7500e-01 5.864e-06
5.7750e-01 5.866e-06
5.8000e-01 5.868e-06
5.8250e-01 5.870e-06
5.8500e-01 5.872e-06
5.8750e-01 5.874e-06
5.9000e-01 5.876e-06
5.9250e-01 5.879e-06
5.9500e-01 5.882e-06
5.9750e-01 5.885e-06
6.0000e-01 5.888e-06
6.0250e-01 5.891e-06
6.0500e-01 5.894e-06
6.0750e-01 5.898e-06
6.1000e-01 5.902e-06
6.1250e-01 5.906e-06
6.1500e-01 5.910e-06
6.1750e-01 5.914e-06
6.2000e-01 5.918e-06
6.2250e-01 5.923e-06
6.2500e-01 5.927e-06
6.2750e-01 5.932e-06
6.3000e-01 5.937e-06
6.3250e-01 5.943e-06
6.3500e-01 5.948e-06
6.3750e-01 5.953e-06
6.4000e-01 5.959e-06
6.4250e-01 5.965e-06
6.4500e-01 5.971e-06
6.4750e-01 5.977e-06
6.5000e-01 5.983e-06
6.5250e-01 5.990e-06
6.5500e-01 5.997e-06
6.5750e-01 6.003e-06
6.6000e-01 6.010e-06
6.6250e-01 6.018e-06
6.6500e-01 6.025e-06
6.6750e-01 6.032e-06
6.7000e-01 6.040e-06
6.7250e-01 6.048e-06
6.7500e-01 6.056e-06
6.7750e-01 6.064e-06
6.8000e-01 6.072e-06
6.8250e-01 6.081e-06
6.8500e-01 6.090e-06
6.8750e-01 6.099e-06
6.9000e-01 6.108e-06
6.9250e-01 6.117e-06
6.9500e-01 6.126e-06
6.9750e-01 6.136e-06
7.0000e-01 6.145e-06
7.0250e-01 6.155e-06
7.0500e-01 6.165e-06
7.0750e-01 6.176e-06
7.1000e-01 6.186e-06
7.1250e-01 6.197e-06
7.1500e-01 6.207e-06
7.1750e-01 6.218e-06
7.2000e-01 6.230e-06
7.2250e-01 6.241e-06
7.2500e-01 6.253e-06
7.2750e-01 6.264e-06
7.3000e-01 6.276e-06
7.3250e-01 6.288e-06
7.3500e-01 6.300e-06
7.3750e-01 6.313e-06
7.4000e-01 6.326e-06
7.4250e-01 6.338e-06
7.4500e-01 6.351e-06
7.4750e-01 6.365e-06
7.5000e-01 6.378e-06
7.5250e-01 6.392e-06
7.5500e-01 6.406e-06
7.5750e-01 6.420e-06
7.6000e-01 6.434e-06
7.6250e-01 6.448e-06
7.6500e-01 6.463e-06
7.6750e-01 6.478e-06
7.7000e-01 6.493e-06
7.7250e-01 6.508e-06
7.7500e-01 6.524e-06
7.7750e-01 6.539e-06
7.8000e-01 6.555e-06
7.8250e-01 6.571e-06
7.8500e-01 6.587e-06
7.8750e-01 6.604e-06
7.9000e-01 6.621e-06
7.9250e-01 6.638e-06
7.9500e-01 6.655e-06
7.9750e-01 6.672e-06
8.0000e-01 6.690e-06
8.0250e-01 6.708e-06
8.0500e-01 6.726e-06
8.0750e-01 6.744e-06
8.1000e-01 6.763e-06
8.1250e-01 6.781e-06
8.1500e-01 6.800e-06
8.1750e-01 6.820e-06
8.2000e-01 6.839e-06
8.2250e-01 6.859e-06
8.2500e-01 6.879e-06
8.2750e-01 6.899e-06
8.3000e-01 6.919e-06
8.3250e-01 6.940e-06
8.3500e-01 6.961e-06
8.3750e-01 6.982e-06
8.4000e-01 7.004e-06
8.4250e-01 7.025e-06
8.4500e-01 7.047e-06
8.4750e-01 7.070e-06
8.5000e-01 7.092e-06
8.5250e-01 7.115e-06
8.5500e-01 7.138e-06
8.5750e-01 7.161e-06
8.6000e-01 7.185e-06
8.6250e-01 7.209e-06
8.6500e-01 7.233e-06
8.6750e-01 7.257e-06
8.7000e-01 7.282e-06
8.7250e-01 7.307e-06
8.7500e-01 7.332e-06
8.7750e-01 7.357e-06
8.8000e-01 7.383e-06
8.8250e-01 7.409e-06
8.8500e-01 7.436e-06
8.8750e-01 7.462e-06
8.9000e-01 7.489e-06
8.9250e-01 7.516e-06
8.9500e-01 7.544e-06
8.9750e-01 7.572e-06
9.0000e-01 7.600e-06
9.0250e-01 7.629e-06
9.0500e-01 7.657e-06
9.0750e-01 7.687e-06
9.1000e-01 7.716e-06
9.1250e-01 7.746e-06
9.1500e-01 7.776e-06
9.1750e-01 7.806e-06
9.2000e-01 7.837e-06
9.2250e-01 7.868e-06
9.2500e-01 7.900e-06
9.2750e-01 7.932e-06
9.3000e-01 7.964e-06
9.3250e-01 7.996e-06
9.3500e-01 8.029e-06
9.3750e-01 8.062e-06
9.4000e-01 8.096e-06
9.4250e-01 8.130e-06
9.4500e-01 8.164e-06
9.4750e-01 8.198e-06
9.5000e-01 8.233e-06
9.5250e-01 8.269e-06
9.5500e-01 8.305e-06
9.5750e-01 8.341e-06
9.6000e-01 8.377e-06
9.6250e-01 8.414e-06
9.6500e-01 8.451e-06
9.6750e-01 8.489e-06
9.7000e-01 8.527e-06
9.7250e-01 8.565e-06
9.7500e-01 8.604e-06
9.7750e-01 8.644e-06
9.8000e-01 8.683e-06
9.8250e-01 8.723e-06
9.8500e-01 8.764e-06
9.8750e-01 8.805e-06
9.9000e-01 8.846e-06
9.9250e-01 8.888e-06
9.9500e-01 8.930e-06
9.9750e-01 8.973e-06
1.0000e+00 9.016e-06
1.0025e+00 9.060e-06
1.0050e+00 9.104e-06
1.0075e+00 9.148e-06
1.0100e+00 9.193e-06
1.0125e+00 9.238e-06
1.0150e+00 9.284e-06
1.0175e+00 9.331e-06
1.0200e+00 9.377e-06
1.0225e+00 9.425e-06
1.0250e+00 9.472e-06
1.0275e+00 9.521e-06
1.0300e+00 9.569e-06
1.0325e+00 9.619e-06
1.0350e+00 9.668e-06
1.0375e+00 9.719e-06
1.0400e+00 9.769e-06
1.0425e+00 9.821e-06
1.0450e+00 9.872e-06
1.0475e+00 9.925e-06
1.0500e+00 9.978e-06
1.0525e+00 1.003e-05
1.0550e+00 1.009e-05
1.0575e+00 1.014e-05
1.0600e+00 1.019e-05
1.0625e+00 1.025e-05
1.0650e+00 1.031e-05
1.0675e+00 1.036e-05
1.0700e+00 1.042e-05
1.0725e+00 1.048e-05
1.0750e+00 1.054e-05
1.0775e+00 1.060e-05
1.0800e+00 1.066e-05
1.0825e+00 1.072e-05
1.0850e+00 1.078e-05
1.0875e+00 1.084e-05
1.0900e+00 1.090e-05
1.0925e+00 1.096e-05
1.0950e+00 1.103e-05
1.0975e+00 1.109e-05
1.1000e+00 1.115e-05
1.1025e+00 1.122e-05
1.1050e+00 1.129e-05
1.1075e+00 1.135e-05
1.1100e+00 1.142e-05
1.1125e+00 1.149e-05
1.1150e+00 1.156e-05
1.1175e+00 1.163e-05
1.1200e+00 1.170e-05
1.1225e+00 1.177e-05
1.1250e+00 1.184e-05
1.1275e+00 1.191e-05
1.1300e+00 1.198e-05
1.1325e+00 1.206e-05
1.1350e+00 1.213e-05
1.1375e+00 1.221e-05
1.1400e+00 1.228e-05
1.1425e+00 1.236e-05
1.1450e+00 1.243e-05
1.1475e+00 1.251e-05
1.1500e+00 1.259e-05
1.1525e+00 1.267e-05
1.1550e+00 1.275e-05
1.1575e+00 1.283e-05
1.1600e+00 1.291e-05
1.1625e+00 1.300e-05
1.1650e+00 1.308e-05
1.1675e+00 1.317e-05
1.1700e+00 1.325e-05
1.1725e+00 1.334e-05
1.1750e+00 1.342e-05
1.1775e+00 1.351e-05
1.1800e+00 1.360e-05
1.1825e+00 1.369e-05
1.1850e+00 1.378e-05
1.1875e+00 1.387e-05
1.1900e+00 1.396e-05
1.1925e+00 1.406e-05
1.1950e+00 1.415e-05
1.1975e+00 1.425e-05
1.2000e+00 1.434e-05
