0.0000e+00 -3.829e-38
2.5000e-03 3.644e-06
5.0000e-03 7.286e-06
7.5000e-03 1.092e-05
1.0000e-02 1.456e-05
1.2500e-02 1.819e-05
1.5000e-02 2.181e-05
1.7500e-02 2.543e-05
2.0000e-02 2.905e-05
2.2500e-02 3.266e-05
2.5000e-02 3.627e-05
2.7500e-02 3.986e-05
3.0000e-02 4.345e-05
3.2500e-02 4.704e-05
3.5000e-02 5.061e-05
3.7500e-02 5.418e-05
4.0000e-02 5.774e-05
4.2500e-02 6.128e-05
4.5000e-02 6.482e-05
4.7500e-02 6.834e-05
5.0000e-02 7.185e-05
5.2500e-02 7.535e-05
5.5000e-02 7.884e-05
5.7500e-02 8.230e-05
6.0000e-02 8.575e-05
6.2500e-02 8.918e-05
6.5000e-02 9.259e-05
6.7500e-02 9.598e-05
7.0000e-02 9.934e-05
7.2500e-02 1.027e-04
7.5000e-02 1.060e-04
7.7500e-02 1.092e-04
8.0000e-02 1.125e-04
8.2500e-02 1.157e-04
8.5000e-02 1.188e-04
8.7500e-02 1.219e-04
9.0000e-02 1.249e-04
9.2500e-02 1.278e-04
9.5000e-02 1.306e-04
9.7500e-02 1.334e-04
1.0000e-01 1.360e-04
1.0250e-01 1.384e-04
1.0500e-01 1.406e-04
1.0750e-01 1.426e-04
1.1000e-01 1.443e-04
1.1250e-01 1.456e-04
1.1500e-01 1.463e-04
1.1750e-01 1.463e-04
1.2000e-01 1.452e-04
1.2250e-01 1.427e-04
1.2500e-01 1.381e-04
1.2750e-01 1.306e-04
1.3000e-01 1.192e-04
1.3250e-01 1.041e-04
1.3500e-01 8.719e-05
1.3750e-01 7.150e-05
1.4000e-01 5.882e-05
1.4250e-01 4.924e-05
1.4500e-01 4.207e-05
1.4750e-01 3.666e-05
1.5000e-01 3.249e-05
1.5250e-01 2.921e-05
1.5500e-01 2.657e-05
1.5750e-01 2.440e-05
1.6000e-01 2.261e-05
1.6250e-01 2.109e-05
1.6500e-01 1.980e-05
1.6750e-01 1.868e-05
1.7000e-01 1.771e-05
1.7250e-01 1.685e-05
1.7500e-01 1.610e-05
1.7750e-01 1.542e-05
1.8000e-01 1.482e-05
1.8250e-01 1.427e-05
1.8500e-01 1.378e-05
1.8750e-01 1.333e-05
1.9000e-01 1.292e-05
1.9250e-01 1.254e-05
1.9500e-01 1.219e-05
1.9750e-01 1.187e-05
2.0000e-01 1.158e-05
2.0250e-01 1.130e-05
2.0500e-01 1.104e-05
2.0750e-01 1.080e-05
2.1000e-01 1.058e-05
2.1250e-01 1.037e-05
2.1500e-01 1.017e-05
2.1750e-01 9.987e-06
2.2000e-01 9.812e-06
2.2250e-01 9.647e-06
2.2500e-01 9.491e-06
2.2750e-01 9.343e-06
2.3000e-01 9.203e-06
2.3250e-01 9.069e-06
2.3500e-01 8.943e-06
2.3750e-01 8.822e-06
2.4000e-01 8.708e-06
2.4250e-01 8.598e-06
2.4500e-01 8.493e-06
2.4750e-01 8.394e-06
2.5000e-01 8.298e-06
2.5250e-01 8.206e-06
2.5500e-01 8.119e-06
2.5750e-01 8.035e-06
2.6000e-01 7.954e-06
2.6250e-01 7.876e-06
2.6500e-01 7.802e-06
2.6750e-01 7.730e-06
2.7000e-01 7.661e-06
2.7250e-01 7.595e-06
2.7500e-01 7.531e-06
2.7750e-01 7.469e-06
2.8000e-01 7.409e-06
2.8250e-01 7.352e-06
2.8500e-01 7.296e-06
2.8750e-01 7.243e-06
2.9000e-01 7.191e-06
2.9250e-01 7.141e-06
2.9500e-01 7.093e-06
2.9750e-01 7.046e-06
3.0000e-01 7.000e-06
3.0250e-01 6.956e-06
3.0500e-01 6.914e-06
3.0750e-01 6.872e-06
3.1000e-01 6.832e-06
3.1250e-01 6.794e-06
3.1500e-01 6.756e-06
3.1750e-01 6.720e-06
3.2000e-01 6.684e-06
3.2250e-01 6.650e-06
3.2500e-01 6.616e-06
3.2750e-01 6.584e-06
3.3000e-01 6.552e-06
3.3250e-01 6.522e-06
3.3500e-01 6.492e-06
3.3750e-01 6.463e-06
3.4000e-01 6.435e-06
3.4250e-01 6.407e-06
3.4500e-01 6.381e-06
3.4750e-01 6.355e-06
3.5000e-01 6.330e-06
3.5250e-01 6.305e-06
3.5500e-01 6.281e-06
3.5750e-01 6.258e-06
3.6000e-01 6.235e-06
3.6250e-01 6.213e-06
3.6500e-01 6.192e-06
3.6750e-01 6.171e-06
3.7000e-01 6.151e-06
3.7250e-01 6.131e-06
3.7500e-01 6.112e-06
3.7750e-01 6.093e-06
3.8000e-01 6.075e-06
3.8250e-01 6.057e-06
3.8500e-01 6.040e-06
3.8750e-01 6.023e-06
3.9000e-01 6.006e-06
3.9250e-01 5.990e-06
3.9500e-01 5.975e-06
3.9750e-01 5.960e-06
4.0000e-01 5.945e-06
4.0250e-01 5.930e-06
4.0500e-01 5.916e-06
4.0750e-01 5.903e-06
4.1000e-01 5.890e-06
4.1250e-01 5.877e-06
4.1500e-01 5.864e-06
4.1750e-01 5.852e-06
4.2000e-01 5.840e-06
4.2250e-01 5.828e-06
4.2500e-01 5.817e-06
4.2750e-01 5.806e-06
4.3000e-01 5.796e-06
4.3250e-01 5.785e-06
4.3500e-01 5.775e-06
4.3750e-01 5.766e-06
4.4000e-01 5.756e-06
4.4250e-01 5.747e-06
4.4500e-01 5.738e-06
4.4750e-01 5.729e-06
4.5000e-01 5.721e-06
4.5250e-01 5.713e-06
4.5500e-01 5.705e-06
4.5750e-01 5.697e-06
4.6000e-01 5.690e-06
4.6250e-01 5.683e-06
4.6500e-01 5.676e-06
4.6750e-01 5.669e-06
4.7000e-01 5.663e-06
4.7250e-01 5.657e-06
4.7500e-01 5.651e-06
4.7750e-01 5.645e-06
4.8000e-01 5.640e-06
4.8250e-01 5.634e-06
4.8500e-01 5.629e-06
4.8750e-01 5.624e-06
4.9000e-01 5.620e-06
4.9250e-01 5.615e-06
4.9500e-01 5.611e-06
4.9750e-01 5.607e-06
5.0000e-01 5.603e-06
5.0250e-01 5.599e-06
5.0500e-01 5.596e-06
5.0750e-01 5.593e-06
5.1000e-01 5.590e-06
5.1250e-01 5.587e-06
5.1500e-01 5.584e-06
5.1750e-01 5.581e-06
5.2000e-01 5.579e-06
5.2250e-01 5.577e-06
5.2500e-01 5.575e-06
5.2750e-01 5.573e-06
5.3000e-01 5.572e-06
5.3250e-01 5.570e-06
5.3500e-01 5.569e-06
5.3750e-01 5.568e-06
5.4000e-01 5.567e-06
5.4250e-01 5.566e-06
5.4500e-01 5.565e-06
5.4750e-01 5.565e-06
5.5000e-01 5.565e-06
5.5250e-01 5.565e-06
5.5500e-01 5.565e-06
5.5750e-01 5.565e-06
5.6000e-01 5.565e-06
5.6250e-01 5.566e-06
5.6500e-01 5.567e-06
5.6750e-01 5.567e-06
5.7000e-01 5.568e-06
5.7250e-01 5.570e-06
5.7500e-01 5.571e-06
5.7750e-01 5.573e-06
5.8000e-01 5.574e-06
5.8250e-01 5.576e-06
5.8500e-01 5.578e-06
5.8750e-01 5.580e-06
5.9000e-01 5.583e-06
5.9250e-01 5.585e-06
5.9500e-01 5.588e-06
5.9750e-01 5.590e-06
6.0000e-01 5.593e-06
6.0250e-01 5.596e-06
6.0500e-01 5.600e-06
6.0750e-01 5.603e-06
6.1000e-01 5.607e-06
6.1250e-01 5.610e-06
6.1500e-01 5.614e-06
6.1750e-01 5.618e-06
6.2000e-01 5.622e-06
6.2250e-01 5.627e-06
6.2500e-01 5.631e-06
6.2750e-01 5.636e-06
6.3000e-01 5.640e-06
6.3250e-01 5.645e-06
6.3500e-01 5.650e-06
6.3750e-01 5.656e-06
6.4000e-01 5.661e-06
6.4250e-01 5.667e-06
6.4500e-01 5.672e-06
6.4750e-01 5.678e-06
6.5000e-01 5.684e-06
6.5250e-01 5.690e-06
6.5500e-01 5.697e-06
6.5750e-01 5.703e-06
6.6000e-01 5.710e-06
6.6250e-01 5.717e-06
6.6500e-01 5.724e-06
6.6750e-01 5.731e-06
6.7000e-01 5.738e-06
6.7250e-01 5.746e-06
6.7500e-01 5.753e-06
6.7750e-01 5.761e-06
6.8000e-01 5.769e-06
6.8250e-01 5.777e-06
6.8500e-01 5.785e-06
6.8750e-01 5.794e-06
6.9000e-01 5.802e-06
6.9250e-01 5.811e-06
6.9500e-01 5.820e-06
6.9750e-01 5.829e-06
7.0000e-01 5.838e-06
7.0250e-01 5.848e-06
7.0500e-01 5.857e-06
7.0750e-01 5.867e-06
7.1000e-01 5.877e-06
7.1250e-01 5.887e-06
7.1500e-01 5.897e-06
7.1750e-01 5.908e-06
7.2000e-01 5.918e-06
7.2250e-01 5.929e-06
7.2500e-01 5.940e-06
7.2750e-01 5.951e-06
7.3000e-01 5.962e-06
7.3250e-01 5.974e-06
7.3500e-01 5.985e-06
7.3750e-01 5.997e-06
7.4000e-01 6.009e-06
7.4250e-01 6.022e-06
7.4500e-01 6.034e-06
7.4750e-01 6.046e-06
7.5000e-01 6.059e-06
7.5250e-01 6.072e-06
7.5500e-01 6.085e-06
7.5750e-01 6.099e-06
7.6000e-01 6.112e-06
7.6250e-01 6.126e-06
7.6500e-01 6.140e-06
7.6750e-01 6.154e-06
7.7000e-01 6.168e-06
7.7250e-01 6.183e-06
7.7500e-01 6.197e-06
7.7750e-01 6.212e-06
7.8000e-01 6.227e-06
7.8250e-01 6.243e-06
7.8500e-01 6.258e-06
7.8750e-01 6.274e-06
7.9000e-01 6.290e-06
7.9250e-01 6.306e-06
7.9500e-01 6.322e-06
7.9750e-01 6.339e-06
8.0000e-01 6.355e-06
8.0250e-01 6.372e-06
8.0500e-01 6.389e-06
8.0750e-01 6.407e-06
8.1000e-01 6.424e-06
8.1250e-01 6.442e-06
8.1500e-01 6.460e-06
8.1750e-01 6.479e-06
8.2000e-01 6.497e-06
8.2250e-01 6.516e-06
8.2500e-01 6.535e-06
8.2750e-01 6.554e-06
8.3000e-01 6.573e-06
8.3250e-01 6.593e-06
8.3500e-01 6.613e-06
8.3750e-01 6.633e-06
8.4000e-01 6.654e-06
8.4250e-01 6.674e-06
8.4500e-01 6.695e-06
8.4750e-01 6.716e-06
8.5000e-01 6.737e-06
8.5250e-01 6.759e-06
8.5500e-01 6.781e-06
8.5750e-01 6.803e-06
8.6000e-01 6.825e-06
8.6250e-01 6.848e-06
8.6500e-01 6.871e-06
8.6750e-01 6.894e-06
8.7000e-01 6.918e-06
8.7250e-01 6.941e-06
8.7500e-01 6.965e-06
8.7750e-01 6.989e-06
8.8000e-01 7.014e-06
8.8250e-01 7.039e-06
8.8500e-01 7.064e-06
8.8750e-01 7.089e-06
8.9000e-01 7.115e-06
8.9250e-01 7.141e-06
8.9500e-01 7.167e-06
8.9750e-01 7.193e-06
9.0000e-01 7.220e-06
9.0250e-01 7.247e-06
9.0500e-01 7.275e-06
9.0750e-01 7.302e-06
9.1000e-01 7.330e-06
9.1250e-01 7.359e-06
9.1500e-01 7.387e-06
9.1750e-01 7.416e-06
9.2000e-01 7.445e-06
9.2250e-01 7.475e-06
9.2500e-01 7.505e-06
9.2750e-01 7.535e-06
9.3000e-01 7.565e-06
9.3250e-01 7.596e-06
9.3500e-01 7.628e-06
9.3750e-01 7.659e-06
9.4000e-01 7.691e-06
9.4250e-01 7.723e-06
9.4500e-01 7.756e-06
9.4750e-01 7.789e-06
9.5000e-01 7.822e-06
9.5250e-01 7.855e-06
9.5500e-01 7.889e-06
9.5750e-01 7.924e-06
9.6000e-01 7.958e-06
9.6250e-01 7.993e-06
9.6500e-01 8.029e-06
9.6750e-01 8.065e-06
9.7000e-01 8.101e-06
9.7250e-01 8.137e-06
9.7500e-01 8.174e-06
9.7750e-01 8.211e-06
9.8000e-01 8.249e-06
9.8250e-01 8.287e-06
9.8500e-01 8.326e-06
9.8750e-01 8.365e-06
9.9000e-01 8.404e-06
9.9250e-01 8.444e-06
9.9500e-01 8.484e-06
9.9750e-01 8.524e-06
1.0000e+00 8.565e-06
1.0025e+00 8.607e-06
1.0050e+00 8.648e-06
1.0075e+00 8.691e-06
1.0100e+00 8.733e-06
1.0125e+00 8.776e-06
1.0150e+00 8.820e-06
1.0175e+00 8.864e-06
1.0200e+00 8.908e-06
1.0225e+00 8.953e-06
1.0250e+00 8.999e-06
1.0275e+00 9.045e-06
1.0300e+00 9.091e-06
1.0325e+00 9.138e-06
1.0350e+00 9.185e-06
1.0375e+00 9.233e-06
1.0400e+00 9.281e-06
1.0425e+00 9.330e-06
1.0450e+00 9.379e-06
1.0475e+00 9.429e-06
1.0500e+00 9.479e-06
1.0525e+00 9.530e-06
1.0550e+00 9.581e-06
1.0575e+00 9.633e-06
1.0600e+00 9.685e-06
1.0625e+00 9.738e-06
1.0650e+00 9.791e-06
1.0675e+00 9.845e-06
1.0700e+00 9.899e-06
1.0725e+00 9.954e-06
1.0750e+00 1.001e-05
1.0775e+00 1.007e-05
1.0800e+00 1.012e-05
1.0825e+00 1.018e-05
1.0850e+00 1.024e-05
1.0875e+00 1.030e-05
1.0900e+00 1.036e-05
1.0925e+00 1.041e-05
1.0950e+00 1.047e-05
1.0975e+00 1.054e-05
1.1000e+00 1.060e-05
1.1025e+00 1.066e-05
1.1050e+00 1.072e-05
1.1075e+00 1.078e-05
1.1100e+00 1.085e-05
1.1125e+00 1.091e-05
1.1150e+00 1.098e-05
1.1175e+00 1.104e-05
1.1200e+00 1.111e-05
1.1225e+00 1.118e-05
1.1250e+00 1.125e-05
1.1275e+00 1.131e-05
1.1300e+00 1.138e-05
1.1325e+00 1.145e-05
1.1350e+00 1.152e-05
1.1375e+00 1.160e-05
1.1400e+00 1.167e-05
1.1425e+00 1.174e-05
1.1450e+00 1.181e-05
1.1475e+00 1.189e-05
1.1500e+00 1.196e-05
1.1525e+00 1.204e-05
1.1550e+00 1.211e-05
1.1575e+00 1.219e-05
1.1600e+00 1.227e-05
1.1625e+00 1.235e-05
1.1650e+00 1.243e-05
1.1675e+00 1.251e-05
1.1700e+00 1.259e-05
1.1725e+00 1.267e-05
1.1750e+00 1.275e-05
1.1775e+00 1.284e-05
1.1800e+00 1.292e-05
1.1825e+00 1.301e-05
1.1850e+00 1.309e-05
1.1875e+00 1.318e-05
1.1900e+00 1.327e-05
1.1925e+00 1.335e-05
1.1950e+00 1.344e-05
1.1975e+00 1.353e-05
1.2000e+00 1.363e-05
