0.0000e+00 -3.535e-38
2.5000e-03 3.549e-06
5.0000e-03 7.094e-06
7.5000e-03 1.064e-05
1.0000e-02 1.418e-05
1.2500e-02 1.771e-05
1.5000e-02 2.124e-05
1.7500e-02 2.477e-05
2.0000e-02 2.829e-05
2.2500e-02 3.180e-05
2.5000e-02 3.531e-05
2.7500e-02 3.882e-05
3.0000e-02 4.231e-05
3.2500e-02 4.580e-05
3.5000e-02 4.928e-05
3.7500e-02 5.275e-05
4.0000e-02 5.622e-05
4.2500e-02 5.967e-05
4.5000e-02 6.312e-05
4.7500e-02 6.655e-05
5.0000e-02 6.997e-05
5.2500e-02 7.337e-05
5.5000e-02 7.676e-05
5.7500e-02 8.014e-05
6.0000e-02 8.350e-05
6.2500e-02 8.684e-05
6.5000e-02 9.016e-05
6.7500e-02 9.346e-05
7.0000e-02 9.673e-05
7.2500e-02 9.998e-05
7.5000e-02 1.032e-04
7.7500e-02 1.064e-04
8.0000e-02 1.095e-04
8.2500e-02 1.126e-04
8.5000e-02 1.157e-04
8.7500e-02 1.187e-04
9.0000e-02 1.216e-04
9.2500e-02 1.244e-04
9.5000e-02 1.272e-04
9.7500e-02 1.299e-04
1.0000e-01 1.324e-04
1.0250e-01 1.348e-04
1.0500e-01 1.369e-04
1.0750e-01 1.389e-04
1.1000e-01 1.405e-04
1.1250e-01 1.418e-04
1.1500e-01 1.425e-04
1.1750e-01 1.424e-04
1.2000e-01 1.414e-04
1.2250e-01 1.390e-04
1.2500e-01 1.345e-04
1.2750e-01 1.271e-04
1.3000e-01 1.161e-04
1.3250e-01 1.014e-04
1.3500e-01 8.488e-05
1.3750e-01 6.960e-05
1.4000e-01 5.727e-05
1.4250e-01 4.794e-05
1.4500e-01 4.096e-05
1.4750e-01 3.570e-05
1.5000e-01 3.163e-05
1.5250e-01 2.844e-05
1.5500e-01 2.587e-05
1.5750e-01 2.376e-05
1.6000e-01 2.201e-05
1.6250e-01 2.054e-05
1.6500e-01 1.928e-05
1.6750e-01 1.819e-05
1.7000e-01 1.724e-05
1.7250e-01 1.641e-05
1.7500e-01 1.567e-05
1.7750e-01 1.502e-05
1.8000e-01 1.443e-05
1.8250e-01 1.390e-05
1.8500e-01 1.341e-05
1.8750e-01 1.298e-05
1.9000e-01 1.258e-05
1.9250e-01 1.221e-05
1.9500e-01 1.187e-05
1.9750e-01 1.156e-05
2.0000e-01 1.127e-05
2.0250e-01 1.100e-05
2.0500e-01 1.075e-05
2.0750e-01 1.052e-05
2.1000e-01 1.030e-05
2.1250e-01 1.010e-05
2.1500e-01 9.905e-06
2.1750e-01 9.724e-06
2.2000e-01 9.554e-06
2.2250e-01 9.393e-06
2.2500e-01 9.241e-06
2.2750e-01 9.097e-06
2.3000e-01 8.960e-06
2.3250e-01 8.831e-06
2.3500e-01 8.708e-06
2.3750e-01 8.590e-06
2.4000e-01 8.478e-06
2.4250e-01 8.372e-06
2.4500e-01 8.270e-06
2.4750e-01 8.173e-06
2.5000e-01 8.080e-06
2.5250e-01 7.990e-06
2.5500e-01 7.905e-06
2.5750e-01 7.823e-06
2.6000e-01 7.744e-06
2.6250e-01 7.669e-06
2.6500e-01 7.596e-06
2.6750e-01 7.527e-06
2.7000e-01 7.459e-06
2.7250e-01 7.395e-06
2.7500e-01 7.332e-06
2.7750e-01 7.272e-06
2.8000e-01 7.214e-06
2.8250e-01 7.158e-06
2.8500e-01 7.104e-06
2.8750e-01 7.052e-06
2.9000e-01 7.002e-06
2.9250e-01 6.953e-06
2.9500e-01 6.906e-06
2.9750e-01 6.860e-06
3.0000e-01 6.816e-06
3.0250e-01 6.773e-06
3.0500e-01 6.732e-06
3.0750e-01 6.692e-06
3.1000e-01 6.653e-06
3.1250e-01 6.615e-06
3.1500e-01 6.578e-06
3.1750e-01 6.543e-06
3.2000e-01 6.508e-06
3.2250e-01 6.475e-06
3.2500e-01 6.442e-06
3.2750e-01 6.411e-06
3.3000e-01 6.380e-06
3.3250e-01 6.350e-06
3.3500e-01 6.321e-06
3.3750e-01 6.293e-06
3.4000e-01 6.265e-06
3.4250e-01 6.239e-06
3.4500e-01 6.213e-06
3.4750e-01 6.188e-06
3.5000e-01 6.163e-06
3.5250e-01 6.139e-06
3.5500e-01 6.116e-06
3.5750e-01 6.093e-06
3.6000e-01 6.071e-06
3.6250e-01 6.050e-06
3.6500e-01 6.029e-06
3.6750e-01 6.009e-06
3.7000e-01 5.989e-06
3.7250e-01 5.970e-06
3.7500e-01 5.951e-06
3.7750e-01 5.933e-06
3.8000e-01 5.915e-06
3.8250e-01 5.898e-06
3.8500e-01 5.881e-06
3.8750e-01 5.864e-06
3.9000e-01 5.848e-06
3.9250e-01 5.833e-06
3.9500e-01 5.818e-06
3.9750e-01 5.803e-06
4.0000e-01 5.788e-06
4.0250e-01 5.774e-06
4.0500e-01 5.761e-06
4.0750e-01 5.748e-06
4.1000e-01 5.735e-06
4.1250e-01 5.722e-06
4.1500e-01 5.710e-06
4.1750e-01 5.698e-06
4.2000e-01 5.686e-06
4.2250e-01 5.675e-06
4.2500e-01 5.664e-06
4.2750e-01 5.653e-06
4.3000e-01 5.643e-06
4.3250e-01 5.633e-06
4.3500e-01 5.623e-06
4.3750e-01 5.614e-06
4.4000e-01 5.605e-06
4.4250e-01 5.596e-06
4.4500e-01 5.587e-06
4.4750e-01 5.579e-06
4.5000e-01 5.570e-06
4.5250e-01 5.563e-06
4.5500e-01 5.555e-06
4.5750e-01 5.548e-06
4.6000e-01 5.540e-06
4.6250e-01 5.533e-06
4.6500e-01 5.527e-06
4.6750e-01 5.520e-06
4.7000e-01 5.514e-06
4.7250e-01 5.508e-06
4.7500e-01 5.502e-06
4.7750e-01 5.497e-06
4.8000e-01 5.491e-06
4.8250e-01 5.486e-06
4.8500e-01 5.481e-06
4.8750e-01 5.476e-06
4.9000e-01 5.472e-06
4.9250e-01 5.467e-06
4.9500e-01 5.463e-06
4.9750e-01 5.459e-06
5.0000e-01 5.456e-06
5.0250e-01 5.452e-06
5.0500e-01 5.449e-06
5.0750e-01 5.446e-06
5.1000e-01 5.443e-06
5.1250e-01 5.440e-06
5.1500e-01 5.437e-06
5.1750e-01 5.435e-06
5.2000e-01 5.432e-06
5.2250e-01 5.430e-06
5.2500e-01 5.428e-06
5.2750e-01 5.426e-06
5.3000e-01 5.425e-06
5.3250e-01 5.423e-06
5.3500e-01 5.422e-06
5.3750e-01 5.421e-06
5.4000e-01 5.420e-06
5.4250e-01 5.419e-06
5.4500e-01 5.419e-06
5.4750e-01 5.418e-06
5.5000e-01 5.418e-06
5.5250e-01 5.418e-06
5.5500e-01 5.418e-06
5.5750e-01 5.418e-06
5.6000e-01 5.419e-06
5.6250e-01 5.419e-06
5.6500e-01 5.420e-06
5.6750e-01 5.421e-06
5.7000e-01 5.422e-06
5.7250e-01 5.423e-06
5.7500e-01 5.424e-06
5.7750e-01 5.426e-06
5.8000e-01 5.428e-06
5.8250e-01 5.429e-06
5.8500e-01 5.431e-06
5.8750e-01 5.433e-06
5.9000e-01 5.436e-06
5.9250e-01 5.438e-06
5.9500e-01 5.441e-06
5.9750e-01 5.443e-06
6.0000e-01 5.446e-06
6.0250e-01 5.449e-06
6.0500e-01 5.452e-06
6.0750e-01 5.456e-06
6.1000e-01 5.459e-06
6.1250e-01 5.463e-06
6.1500e-01 5.466e-06
6.1750e-01 5.470e-06
6.2000e-01 5.474e-06
6.2250e-01 5.479e-06
6.2500e-01 5.483e-06
6.2750e-01 5.487e-06
6.3000e-01 5.492e-06
6.3250e-01 5.497e-06
6.3500e-01 5.502e-06
6.3750e-01 5.507e-06
6.4000e-01 5.512e-06
6.4250e-01 5.518e-06
6.4500e-01 5.523e-06
6.4750e-01 5.529e-06
6.5000e-01 5.535e-06
6.5250e-01 5.541e-06
6.5500e-01 5.547e-06
6.5750e-01 5.553e-06
6.6000e-01 5.560e-06
6.6250e-01 5.566e-06
6.6500e-01 5.573e-06
6.6750e-01 5.580e-06
6.7000e-01 5.587e-06
6.7250e-01 5.594e-06
6.7500e-01 5.602e-06
6.7750e-01 5.609e-06
6.8000e-01 5.617e-06
6.8250e-01 5.625e-06
6.8500e-01 5.633e-06
6.8750e-01 5.641e-06
6.9000e-01 5.649e-06
6.9250e-01 5.658e-06
6.9500e-01 5.667e-06
6.9750e-01 5.676e-06
7.0000e-01 5.685e-06
7.0250e-01 5.694e-06
7.0500e-01 5.703e-06
7.0750e-01 5.712e-06
7.1000e-01 5.722e-06
7.1250e-01 5.732e-06
7.1500e-01 5.742e-06
7.1750e-01 5.752e-06
7.2000e-01 5.762e-06
7.2250e-01 5.773e-06
7.2500e-01 5.784e-06
7.2750e-01 5.794e-06
7.3000e-01 5.805e-06
7.3250e-01 5.817e-06
7.3500e-01 5.828e-06
7.3750e-01 5.839e-06
7.4000e-01 5.851e-06
7.4250e-01 5.863e-06
7.4500e-01 5.875e-06
7.4750e-01 5.887e-06
7.5000e-01 5.900e-06
7.5250e-01 5.912e-06
7.5500e-01 5.925e-06
7.5750e-01 5.938e-06
7.6000e-01 5.951e-06
7.6250e-01 5.965e-06
7.6500e-01 5.978e-06
7.6750e-01 5.992e-06
7.7000e-01 6.006e-06
7.7250e-01 6.020e-06
7.7500e-01 6.034e-06
7.7750e-01 6.049e-06
7.8000e-01 6.063e-06
7.8250e-01 6.078e-06
7.8500e-01 6.093e-06
7.8750e-01 6.109e-06
7.9000e-01 6.124e-06
7.9250e-01 6.140e-06
7.9500e-01 6.156e-06
7.9750e-01 6.172e-06
8.0000e-01 6.188e-06
8.0250e-01 6.205e-06
8.0500e-01 6.221e-06
8.0750e-01 6.238e-06
8.1000e-01 6.255e-06
8.1250e-01 6.273e-06
8.1500e-01 6.290e-06
8.1750e-01 6.308e-06
8.2000e-01 6.326e-06
8.2250e-01 6.344e-06
8.2500e-01 6.363e-06
8.2750e-01 6.382e-06
8.3000e-01 6.400e-06
8.3250e-01 6.420e-06
8.3500e-01 6.439e-06
8.3750e-01 6.459e-06
8.4000e-01 6.478e-06
8.4250e-01 6.499e-06
8.4500e-01 6.519e-06
8.4750e-01 6.539e-06
8.5000e-01 6.560e-06
8.5250e-01 6.581e-06
8.5500e-01 6.603e-06
8.5750e-01 6.624e-06
8.6000e-01 6.646e-06
8.6250e-01 6.668e-06
8.6500e-01 6.690e-06
8.6750e-01 6.713e-06
8.7000e-01 6.736e-06
8.7250e-01 6.759e-06
8.7500e-01 6.782e-06
8.7750e-01 6.806e-06
8.8000e-01 6.829e-06
8.8250e-01 6.853e-06
8.8500e-01 6.878e-06
8.8750e-01 6.903e-06
8.9000e-01 6.928e-06
8.9250e-01 6.953e-06
8.9500e-01 6.978e-06
8.9750e-01 7.004e-06
9.0000e-01 7.030e-06
9.0250e-01 7.057e-06
9.0500e-01 7.083e-06
9.0750e-01 7.110e-06
9.1000e-01 7.137e-06
9.1250e-01 7.165e-06
9.1500e-01 7.193e-06
9.1750e-01 7.221e-06
9.2000e-01 7.249e-06
9.2250e-01 7.278e-06
9.2500e-01 7.307e-06
9.2750e-01 7.337e-06
9.3000e-01 7.366e-06
9.3250e-01 7.396e-06
9.3500e-01 7.427e-06
9.3750e-01 7.457e-06
9.4000e-01 7.488e-06
9.4250e-01 7.520e-06
9.4500e-01 7.552e-06
9.4750e-01 7.584e-06
9.5000e-01 7.616e-06
9.5250e-01 7.649e-06
9.5500e-01 7.682e-06
9.5750e-01 7.715e-06
9.6000e-01 7.749e-06
9.6250e-01 7.783e-06
9.6500e-01 7.817e-06
9.6750e-01 7.852e-06
9.7000e-01 7.887e-06
9.7250e-01 7.923e-06
9.7500e-01 7.959e-06
9.7750e-01 7.995e-06
9.8000e-01 8.032e-06
9.8250e-01 8.069e-06
9.8500e-01 8.107e-06
9.8750e-01 8.144e-06
9.9000e-01 8.183e-06
9.9250e-01 8.221e-06
9.9500e-01 8.260e-06
9.9750e-01 8.300e-06
1.0000e+00 8.340e-06
1.0025e+00 8.380e-06
1.0050e+00 8.421e-06
1.0075e+00 8.462e-06
1.0100e+00 8.504e-06
1.0125e+00 8.545e-06
1.0150e+00 8.588e-06
1.0175e+00 8.631e-06
1.0200e+00 8.674e-06
1.0225e+00 8.718e-06
1.0250e+00 8.762e-06
1.0275e+00 8.807e-06
1.0300e+00 8.852e-06
1.0325e+00 8.897e-06
1.0350e+00 8.943e-06
1.0375e+00 8.990e-06
1.0400e+00 9.037e-06
1.0425e+00 9.084e-06
1.0450e+00 9.132e-06
1.0475e+00 9.180e-06
1.0500e+00 9.229e-06
1.0525e+00 9.279e-06
1.0550e+00 9.329e-06
1.0575e+00 9.379e-06
1.0600e+00 9.430e-06
1.0625e+00 9.481e-06
1.0650e+00 9.533e-06
1.0675e+00 9.586e-06
1.0700e+00 9.639e-06
1.0725e+00 9.692e-06
1.0750e+00 9.746e-06
1.0775e+00 9.801e-06
1.0800e+00 9.856e-06
1.0825e+00 9.912e-06
1.0850e+00 9.968e-06
1.0875e+00 1.003e-05
1.0900e+00 1.008e-05
1.0925e+00 1.014e-05
1.0950e+00 1.020e-05
1.0975e+00 1.026e-05
1.1000e+00 1.032e-05
1.1025e+00 1.038e-05
1.1050e+00 1.044e-05
1.1075e+00 1.050e-05
1.1100e+00 1.056e-05
1.1125e+00 1.063e-05
1.1150e+00 1.069e-05
1.1175e+00 1.075e-05
1.1200e+00 1.082e-05
1.1225e+00 1.088e-05
1.1250e+00 1.095e-05
1.1275e+00 1.102e-05
1.1300e+00 1.108e-05
1.1325e+00 1.115e-05
1.1350e+00 1.122e-05
1.1375e+00 1.129e-05
1.1400e+00 1.136e-05
1.1425e+00 1.143e-05
1.1450e+00 1.150e-05
1.1475e+00 1.157e-05
1.1500e+00 1.165e-05
1.1525e+00 1.172e-05
1.1550e+00 1.180e-05
1.1575e+00 1.187e-05
1.1600e+00 1.195e-05
1.1625e+00 1.202e-05
1.1650e+00 1.210e-05
1.1675e+00 1.218e-05
1.1700e+00 1.226e-05
1.1725e+00 1.234e-05
1.1750e+00 1.242e-05
1.1775e+00 1.250e-05
1.1800e+00 1.258e-05
1.1825e+00 1.266e-05
1.1850e+00 1.275e-05
1.1875e+00 1.283e-05
1.1900e+00 1.292e-05
1.1925e+00 1.300e-05
1.1950e+00 1.309e-05
1.1975e+00 1.318e-05
1.2000e+00 1.327e-05
