0.0000e+00 -4.139e-38
2.5000e-03 3.740e-06
5.0000e-03 7.477e-06
7.5000e-03 1.121e-05
1.0000e-02 1.494e-05
1.2500e-02 1.867e-05
1.5000e-02 2.239e-05
1.7500e-02 2.610e-05
2.0000e-02 2.981e-05
2.2500e-02 3.352e-05
2.5000e-02 3.722e-05
2.7500e-02 4.091e-05
3.0000e-02 4.460e-05
3.2500e-02 4.827e-05
3.5000e-02 5.194e-05
3.7500e-02 5.560e-05
4.0000e-02 5.925e-05
4.2500e-02 6.289e-05
4.5000e-02 6.652e-05
4.7500e-02 7.014e-05
5.0000e-02 7.374e-05
5.2500e-02 7.733e-05
5.5000e-02 8.091e-05
5.7500e-02 8.447e-05
6.0000e-02 8.801e-05
6.2500e-02 9.153e-05
6.5000e-02 9.503e-05
6.7500e-02 9.850e-05
7.0000e-02 1.020e-04
7.2500e-02 1.054e-04
7.5000e-02 1.088e-04
7.7500e-02 1.121e-04
8.0000e-02 1.154e-04
8.2500e-02 1.187e-04
8.5000e-02 1.219e-04
8.7500e-02 1.251e-04
9.0000e-02 1.282e-04
9.2500e-02 1.312e-04
9.5000e-02 1.341e-04
9.7500e-02 1.369e-04
1.0000e-01 1.395e-04
1.0250e-01 1.420e-04
1.0500e-01 1.443e-04
1.0750e-01 1.464e-04
1.1000e-01 1.481e-04
1.1250e-01 1.494e-04
1.1500e-01 1.502e-04
1.1750e-01 1.501e-04
1.2000e-01 1.491e-04
1.2250e-01 1.465e-04
1.2500e-01 1.418e-04
1.2750e-01 1.340e-04
1.3000e-01 1.224e-04
1.3250e-01 1.069e-04
1.3500e-01 8.950e-05
1.3750e-01 7.339e-05
1.4000e-01 6.038e-05
1.4250e-01 5.054e-05
1.4500e-01 4.318e-05
1.4750e-01 3.763e-05
1.5000e-01 3.335e-05
1.5250e-01 2.997e-05
1.5500e-01 2.726e-05
1.5750e-01 2.505e-05
1.6000e-01 2.320e-05
1.6250e-01 2.165e-05
1.6500e-01 2.032e-05
1.6750e-01 1.917e-05
1.7000e-01 1.817e-05
1.7250e-01 1.730e-05
1.7500e-01 1.652e-05
1.7750e-01 1.583e-05
1.8000e-01 1.521e-05
1.8250e-01 1.465e-05
1.8500e-01 1.414e-05
1.8750e-01 1.368e-05
1.9000e-01 1.326e-05
1.9250e-01 1.287e-05
1.9500e-01 1.251e-05
1.9750e-01 1.218e-05
2.0000e-01 1.188e-05
2.0250e-01 1.160e-05
2.0500e-01 1.133e-05
2.0750e-01 1.109e-05
2.1000e-01 1.086e-05
2.1250e-01 1.064e-05
2.1500e-01 1.044e-05
2.1750e-01 1.025e-05
2.2000e-01 1.007e-05
2.2250e-01 9.901e-06
2.2500e-01 9.741e-06
2.2750e-01 9.589e-06
2.3000e-01 9.445e-06
2.3250e-01 9.308e-06
2.3500e-01 9.178e-06
2.3750e-01 9.055e-06
2.4000e-01 8.937e-06
2.4250e-01 8.824e-06
2.4500e-01 8.717e-06
2.4750e-01 8.614e-06
2.5000e-01 8.516e-06
2.5250e-01 8.422e-06
2.5500e-01 8.332e-06
2.5750e-01 8.246e-06
2.6000e-01 8.163e-06
2.6250e-01 8.084e-06
2.6500e-01 8.007e-06
2.6750e-01 7.933e-06
2.7000e-01 7.863e-06
2.7250e-01 7.794e-06
2.7500e-01 7.729e-06
2.7750e-01 7.665e-06
2.8000e-01 7.604e-06
2.8250e-01 7.545e-06
2.8500e-01 7.488e-06
2.8750e-01 7.433e-06
2.9000e-01 7.380e-06
2.9250e-01 7.329e-06
2.9500e-01 7.279e-06
2.9750e-01 7.231e-06
3.0000e-01 7.185e-06
3.0250e-01 7.139e-06
3.0500e-01 7.096e-06
3.0750e-01 7.053e-06
3.1000e-01 7.012e-06
3.1250e-01 6.972e-06
3.1500e-01 6.934e-06
3.1750e-01 6.896e-06
3.2000e-01 6.860e-06
3.2250e-01 6.825e-06
3.2500e-01 6.790e-06
3.2750e-01 6.757e-06
3.3000e-01 6.725e-06
3.3250e-01 6.693e-06
3.3500e-01 6.663e-06
3.3750e-01 6.633e-06
3.4000e-01 6.604e-06
3.4250e-01 6.576e-06
3.4500e-01 6.549e-06
3.4750e-01 6.522e-06
3.5000e-01 6.496e-06
3.5250e-01 6.471e-06
3.5500e-01 6.447e-06
3.5750e-01 6.423e-06
3.6000e-01 6.400e-06
3.6250e-01 6.377e-06
3.6500e-01 6.355e-06
3.6750e-01 6.334e-06
3.7000e-01 6.313e-06
3.7250e-01 6.292e-06
3.7500e-01 6.273e-06
3.7750e-01 6.253e-06
3.8000e-01 6.235e-06
3.8250e-01 6.216e-06
3.8500e-01 6.199e-06
3.8750e-01 6.181e-06
3.9000e-01 6.164e-06
3.9250e-01 6.148e-06
3.9500e-01 6.132e-06
3.9750e-01 6.116e-06
4.0000e-01 6.101e-06
4.0250e-01 6.087e-06
4.0500e-01 6.072e-06
4.0750e-01 6.058e-06
4.1000e-01 6.045e-06
4.1250e-01 6.031e-06
4.1500e-01 6.018e-06
4.1750e-01 6.006e-06
4.2000e-01 5.994e-06
4.2250e-01 5.982e-06
4.2500e-01 5.970e-06
4.2750e-01 5.959e-06
4.3000e-01 5.948e-06
4.3250e-01 5.938e-06
4.3500e-01 5.927e-06
4.3750e-01 5.917e-06
4.4000e-01 5.908e-06
4.4250e-01 5.898e-06
4.4500e-01 5.889e-06
4.4750e-01 5.880e-06
4.5000e-01 5.872e-06
4.5250e-01 5.863e-06
4.5500e-01 5.855e-06
4.5750e-01 5.847e-06
4.6000e-01 5.840e-06
4.6250e-01 5.833e-06
4.6500e-01 5.825e-06
4.6750e-01 5.819e-06
4.7000e-01 5.812e-06
4.7250e-01 5.806e-06
4.7500e-01 5.800e-06
4.7750e-01 5.794e-06
4.8000e-01 5.788e-06
4.8250e-01 5.783e-06
4.8500e-01 5.777e-06
4.8750e-01 5.772e-06
4.9000e-01 5.768e-06
4.9250e-01 5.763e-06
4.9500e-01 5.759e-06
4.9750e-01 5.755e-06
5.0000e-01 5.751e-06
5.0250e-01 5.747e-06
5.0500e-01 5.743e-06
5.0750e-01 5.740e-06
5.1000e-01 5.737e-06
5.1250e-01 5.734e-06
5.1500e-01 5.731e-06
5.1750e-01 5.728e-06
5.2000e-01 5.726e-06
5.2250e-01 5.724e-06
5.2500e-01 5.722e-06
5.2750e-01 5.720e-06
5.3000e-01 5.718e-06
5.3250e-01 5.717e-06
5.3500e-01 5.715e-06
5.3750e-01 5.714e-06
5.4000e-01 5.713e-06
5.4250e-01 5.712e-06
5.4500e-01 5.712e-06
5.4750e-01 5.711e-06
5.5000e-01 5.711e-06
5.5250e-01 5.711e-06
5.5500e-01 5.711e-06
5.5750e-01 5.711e-06
5.6000e-01 5.712e-06
5.6250e-01 5.712e-06
5.6500e-01 5.713e-06
5.6750e-01 5.714e-06
5.7000e-01 5.715e-06
5.7250e-01 5.716e-06
5.7500e-01 5.718e-06
5.7750e-01 5.719e-06
5.8000e-01 5.721e-06
5.8250e-01 5.723e-06
5.8500e-01 5.725e-06
5.8750e-01 5.727e-06
5.9000e-01 5.729e-06
5.9250e-01 5.732e-06
5.9500e-01 5.735e-06
5.9750e-01 5.737e-06
6.0000e-01 5.740e-06
6.0250e-01 5.744e-06
6.0500e-01 5.747e-06
6.0750e-01 5.750e-06
6.1000e-01 5.754e-06
6.1250e-01 5.758e-06
6.1500e-01 5.762e-06
6.1750e-01 5.766e-06
6.2000e-01 5.770e-06
6.2250e-01 5.775e-06
6.2500e-01 5.779e-06
6.2750e-01 5.784e-06
6.3000e-01 5.789e-06
6.3250e-01 5.794e-06
6.3500e-01 5.799e-06
6.3750e-01 5.805e-06
6.4000e-01 5.810e-06
6.4250e-01 5.816e-06
6.4500e-01 5.822e-06
6.4750e-01 5.828e-06
6.5000e-01 5.834e-06
6.5250e-01 5.840e-06
6.5500e-01 5.847e-06
6.5750e-01 5.853e-06
6.6000e-01 5.860e-06
6.6250e-01 5.867e-06
6.6500e-01 5.874e-06
6.6750e-01 5.882e-06
6.7000e-01 5.889e-06
6.7250e-01 5.897e-06
6.7500e-01 5.905e-06
6.7750e-01 5.913e-06
6.8000e-01 5.921e-06
6.8250e-01 5.929e-06
6.8500e-01 5.937e-06
6.8750e-01 5.946e-06
6.9000e-01 5.955e-06
6.9250e-01 5.964e-06
6.9500e-01 5.973e-06
6.9750e-01 5.982e-06
7.0000e-01 5.992e-06
7.0250e-01 6.001e-06
7.0500e-01 6.011e-06
7.0750e-01 6.021e-06
7.1000e-01 6.031e-06
7.1250e-01 6.042e-06
7.1500e-01 6.052e-06
7.1750e-01 6.063e-06
7.2000e-01 6.074e-06
7.2250e-01 6.085e-06
7.2500e-01 6.096e-06
7.2750e-01 6.108e-06
7.3000e-01 6.119e-06
7.3250e-01 6.131e-06
7.3500e-01 6.143e-06
7.3750e-01 6.155e-06
7.4000e-01 6.167e-06
7.4250e-01 6.180e-06
7.4500e-01 6.193e-06
7.4750e-01 6.206e-06
7.5000e-01 6.219e-06
7.5250e-01 6.232e-06
7.5500e-01 6.245e-06
7.5750e-01 6.259e-06
7.6000e-01 6.273e-06
7.6250e-01 6.287e-06
7.6500e-01 6.301e-06
7.6750e-01 6.316e-06
7.7000e-01 6.330e-06
7.7250e-01 6.345e-06
7.7500e-01 6.360e-06
7.7750e-01 6.376e-06
7.8000e-01 6.391e-06
7.8250e-01 6.407e-06
7.8500e-01 6.423e-06
7.8750e-01 6.439e-06
7.9000e-01 6.455e-06
7.9250e-01 6.472e-06
7.9500e-01 6.488e-06
7.9750e-01 6.505e-06
8.0000e-01 6.523e-06
8.0250e-01 6.540e-06
8.0500e-01 6.558e-06
8.0750e-01 6.575e-06
8.1000e-01 6.594e-06
8.1250e-01 6.612e-06
8.1500e-01 6.630e-06
8.1750e-01 6.649e-06
8.2000e-01 6.668e-06
8.2250e-01 6.687e-06
8.2500e-01 6.707e-06
8.2750e-01 6.727e-06
8.3000e-01 6.746e-06
8.3250e-01 6.767e-06
8.3500e-01 6.787e-06
8.3750e-01 6.808e-06
8.4000e-01 6.829e-06
8.4250e-01 6.850e-06
8.4500e-01 6.871e-06
8.4750e-01 6.893e-06
8.5000e-01 6.915e-06
8.5250e-01 6.937e-06
8.5500e-01 6.959e-06
8.5750e-01 6.982e-06
8.6000e-01 7.005e-06
8.6250e-01 7.028e-06
8.6500e-01 7.052e-06
8.6750e-01 7.076e-06
8.7000e-01 7.100e-06
8.7250e-01 7.124e-06
8.7500e-01 7.148e-06
8.7750e-01 7.173e-06
8.8000e-01 7.199e-06
8.8250e-01 7.224e-06
8.8500e-01 7.250e-06
8.8750e-01 7.276e-06
8.9000e-01 7.302e-06
8.9250e-01 7.329e-06
8.9500e-01 7.355e-06
8.9750e-01 7.383e-06
9.0000e-01 7.410e-06
9.0250e-01 7.438e-06
9.0500e-01 7.466e-06
9.0750e-01 7.494e-06
9.1000e-01 7.523e-06
9.1250e-01 7.552e-06
9.1500e-01 7.582e-06
9.1750e-01 7.611e-06
9.2000e-01 7.641e-06
9.2250e-01 7.672e-06
9.2500e-01 7.702e-06
9.2750e-01 7.733e-06
9.3000e-01 7.765e-06
9.3250e-01 7.796e-06
9.3500e-01 7.828e-06
9.3750e-01 7.861e-06
9.4000e-01 7.893e-06
9.4250e-01 7.926e-06
9.4500e-01 7.960e-06
9.4750e-01 7.993e-06
9.5000e-01 8.028e-06
9.5250e-01 8.062e-06
9.5500e-01 8.097e-06
9.5750e-01 8.132e-06
9.6000e-01 8.168e-06
9.6250e-01 8.204e-06
9.6500e-01 8.240e-06
9.6750e-01 8.277e-06
9.7000e-01 8.314e-06
9.7250e-01 8.351e-06
9.7500e-01 8.389e-06
9.7750e-01 8.428e-06
9.8000e-01 8.466e-06
9.8250e-01 8.505e-06
9.8500e-01 8.545e-06
9.8750e-01 8.585e-06
9.9000e-01 8.625e-06
9.9250e-01 8.666e-06
9.9500e-01 8.707e-06
9.9750e-01 8.749e-06
1.0000e+00 8.791e-06
1.0025e+00 8.833e-06
1.0050e+00 8.876e-06
1.0075e+00 8.919e-06
1.0100e+00 8.963e-06
1.0125e+00 9.007e-06
1.0150e+00 9.052e-06
1.0175e+00 9.097e-06
1.0200e+00 9.143e-06
1.0225e+00 9.189e-06
1.0250e+00 9.236e-06
1.0275e+00 9.283e-06
1.0300e+00 9.330e-06
1.0325e+00 9.378e-06
1.0350e+00 9.427e-06
1.0375e+00 9.476e-06
1.0400e+00 9.525e-06
1.0425e+00 9.575e-06
1.0450e+00 9.626e-06
1.0475e+00 9.677e-06
1.0500e+00 9.728e-06
1.0525e+00 9.780e-06
1.0550e+00 9.833e-06
1.0575e+00 9.886e-06
1.0600e+00 9.940e-06
1.0625e+00 9.994e-06
1.0650e+00 1.005e-05
1.0675e+00 1.010e-05
1.0700e+00 1.016e-05
1.0725e+00 1.022e-05
1.0750e+00 1.027e-05
1.0775e+00 1.033e-05
1.0800e+00 1.039e-05
1.0825e+00 1.045e-05
1.0850e+00 1.051e-05
1.0875e+00 1.057e-05
1.0900e+00 1.063e-05
1.0925e+00 1.069e-05
1.0950e+00 1.075e-05
1.0975e+00 1.081e-05
1.1000e+00 1.088e-05
1.1025e+00 1.094e-05
1.1050e+00 1.100e-05
1.1075e+00 1.107e-05
1.1100e+00 1.113e-05
1.1125e+00 1.120e-05
1.1150e+00 1.127e-05
1.1175e+00 1.133e-05
1.1200e+00 1.140e-05
1.1225e+00 1.147e-05
1.1250e+00 1.154e-05
1.1275e+00 1.161e-05
1.1300e+00 1.168e-05
1.1325e+00 1.175e-05
1.1350e+00 1.183e-05
1.1375e+00 1.190e-05
1.1400e+00 1.197e-05
1.1425e+00 1.205e-05
1.1450e+00 1.212e-05
1.1475e+00 1.220e-05
1.1500e+00 1.228e-05
1.1525e+00 1.235e-05
1.1550e+00 1.243e-05
1.1575e+00 1.251e-05
1.1600e+00 1.259e-05
1.1625e+00 1.267e-05
1.1650e+00 1.275e-05
1.1675e+00 1.284e-05
1.1700e+00 1.292e-05
1.1725e+00 1.300e-05
1.1750e+00 1.309e-05
1.1775e+00 1.317e-05
1.1800e+00 1.326e-05
1.1825e+00 1.335e-05
1.1850e+00 1.344e-05
1.1875e+00 1.353e-05
1.1900e+00 1.362e-05
1.1925e+00 1.371e-05
1.1950e+00 1.380e-05
1.1975e+00 1.389e-05
1.2000e+00 1.398e-05
