0.0000e+00 -2.993e-38
2.5000e-03 3.357e-06
5.0000e-03 6.711e-06
7.5000e-03 1.006e-05
1.0000e-02 1.341e-05
1.2500e-02 1.675e-05
1.5000e-02 2.009e-05
1.7500e-02 2.343e-05
2.0000e-02 2.676e-05
2.2500e-02 3.009e-05
2.5000e-02 3.341e-05
2.7500e-02 3.672e-05
3.0000e-02 4.003e-05
3.2500e-02 4.333e-05
3.5000e-02 4.662e-05
3.7500e-02 4.991e-05
4.0000e-02 5.318e-05
4.2500e-02 5.645e-05
4.5000e-02 5.971e-05
4.7500e-02 6.295e-05
5.0000e-02 6.619e-05
5.2500e-02 6.941e-05
5.5000e-02 7.262e-05
5.7500e-02 7.581e-05
6.0000e-02 7.899e-05
6.2500e-02 8.215e-05
6.5000e-02 8.529e-05
6.7500e-02 8.841e-05
7.0000e-02 9.151e-05
7.2500e-02 9.458e-05
7.5000e-02 9.762e-05
7.7500e-02 1.006e-04
8.0000e-02 1.036e-04
8.2500e-02 1.065e-04
8.5000e-02 1.094e-04
8.7500e-02 1.123e-04
9.0000e-02 1.150e-04
9.2500e-02 1.177e-04
9.5000e-02 1.203e-04
9.7500e-02 1.229e-04
1.0000e-01 1.252e-04
1.0250e-01 1.275e-04
1.0500e-01 1.296e-04
1.0750e-01 1.314e-04
1.1000e-01 1.329e-04
1.1250e-01 1.341e-04
1.1500e-01 1.348e-04
1.1750e-01 1.347e-04
1.2000e-01 1.338e-04
1.2250e-01 1.314e-04
1.2500e-01 1.272e-04
1.2750e-01 1.202e-04
1.3000e-01 1.098e-04
1.3250e-01 9.584e-05
1.3500e-01 8.026e-05
1.3750e-01 6.582e-05
1.4000e-01 5.416e-05
1.4250e-01 4.534e-05
1.4500e-01 3.874e-05
1.4750e-01 3.376e-05
1.5000e-01 2.992e-05
1.5250e-01 2.690e-05
1.5500e-01 2.447e-05
1.5750e-01 2.248e-05
1.6000e-01 2.082e-05
1.6250e-01 1.943e-05
1.6500e-01 1.823e-05
1.6750e-01 1.721e-05
1.7000e-01 1.631e-05
1.7250e-01 1.552e-05
1.7500e-01 1.482e-05
1.7750e-01 1.420e-05
1.8000e-01 1.365e-05
1.8250e-01 1.314e-05
1.8500e-01 1.269e-05
1.8750e-01 1.228e-05
1.9000e-01 1.190e-05
1.9250e-01 1.155e-05
1.9500e-01 1.123e-05
1.9750e-01 1.094e-05
2.0000e-01 1.066e-05
2.0250e-01 1.041e-05
2.0500e-01 1.017e-05
2.0750e-01 9.951e-06
2.1000e-01 9.745e-06
2.1250e-01 9.551e-06
2.1500e-01 9.370e-06
2.1750e-01 9.199e-06
2.2000e-01 9.037e-06
2.2250e-01 8.885e-06
2.2500e-01 8.742e-06
2.2750e-01 8.605e-06
2.3000e-01 8.476e-06
2.3250e-01 8.353e-06
2.3500e-01 8.237e-06
2.3750e-01 8.126e-06
2.4000e-01 8.020e-06
2.4250e-01 7.919e-06
2.4500e-01 7.823e-06
2.4750e-01 7.731e-06
2.5000e-01 7.643e-06
2.5250e-01 7.558e-06
2.5500e-01 7.478e-06
2.5750e-01 7.400e-06
2.6000e-01 7.326e-06
2.6250e-01 7.254e-06
2.6500e-01 7.186e-06
2.6750e-01 7.120e-06
2.7000e-01 7.056e-06
2.7250e-01 6.995e-06
2.7500e-01 6.936e-06
2.7750e-01 6.879e-06
2.8000e-01 6.824e-06
2.8250e-01 6.772e-06
2.8500e-01 6.720e-06
2.8750e-01 6.671e-06
2.9000e-01 6.623e-06
2.9250e-01 6.577e-06
2.9500e-01 6.533e-06
2.9750e-01 6.489e-06
3.0000e-01 6.448e-06
3.0250e-01 6.407e-06
3.0500e-01 6.368e-06
3.0750e-01 6.330e-06
3.1000e-01 6.293e-06
3.1250e-01 6.257e-06
3.1500e-01 6.223e-06
3.1750e-01 6.189e-06
3.2000e-01 6.156e-06
3.2250e-01 6.125e-06
3.2500e-01 6.094e-06
3.2750e-01 6.064e-06
3.3000e-01 6.035e-06
3.3250e-01 6.007e-06
3.3500e-01 5.979e-06
3.3750e-01 5.953e-06
3.4000e-01 5.927e-06
3.4250e-01 5.902e-06
3.4500e-01 5.877e-06
3.4750e-01 5.853e-06
3.5000e-01 5.830e-06
3.5250e-01 5.807e-06
3.5500e-01 5.785e-06
3.5750e-01 5.764e-06
3.6000e-01 5.743e-06
3.6250e-01 5.723e-06
3.6500e-01 5.703e-06
3.6750e-01 5.684e-06
3.7000e-01 5.665e-06
3.7250e-01 5.647e-06
3.7500e-01 5.629e-06
3.7750e-01 5.612e-06
3.8000e-01 5.595e-06
3.8250e-01 5.579e-06
3.8500e-01 5.563e-06
3.8750e-01 5.547e-06
3.9000e-01 5.532e-06
3.9250e-01 5.517e-06
3.9500e-01 5.503e-06
3.9750e-01 5.489e-06
4.0000e-01 5.476e-06
4.0250e-01 5.462e-06
4.0500e-01 5.449e-06
4.0750e-01 5.437e-06
4.1000e-01 5.425e-06
4.1250e-01 5.413e-06
4.1500e-01 5.401e-06
4.1750e-01 5.390e-06
4.2000e-01 5.379e-06
4.2250e-01 5.368e-06
4.2500e-01 5.358e-06
4.2750e-01 5.348e-06
4.3000e-01 5.338e-06
4.3250e-01 5.329e-06
4.3500e-01 5.319e-06
4.3750e-01 5.310e-06
4.4000e-01 5.302e-06
4.4250e-01 5.293e-06
4.4500e-01 5.285e-06
4.4750e-01 5.277e-06
4.5000e-01 5.269e-06
4.5250e-01 5.262e-06
4.5500e-01 5.255e-06
4.5750e-01 5.248e-06
4.6000e-01 5.241e-06
4.6250e-01 5.234e-06
4.6500e-01 5.228e-06
4.6750e-01 5.222e-06
4.7000e-01 5.216e-06
4.7250e-01 5.210e-06
4.7500e-01 5.205e-06
4.7750e-01 5.199e-06
4.8000e-01 5.194e-06
4.8250e-01 5.190e-06
4.8500e-01 5.185e-06
4.8750e-01 5.180e-06
4.9000e-01 5.176e-06
4.9250e-01 5.172e-06
4.9500e-01 5.168e-06
4.9750e-01 5.164e-06
5.0000e-01 5.161e-06
5.0250e-01 5.157e-06
5.0500e-01 5.154e-06
5.0750e-01 5.151e-06
5.1000e-01 5.148e-06
5.1250e-01 5.146e-06
5.1500e-01 5.143e-06
5.1750e-01 5.141e-06
5.2000e-01 5.139e-06
5.2250e-01 5.137e-06
5.2500e-01 5.135e-06
5.2750e-01 5.133e-06
5.3000e-01 5.132e-06
5.3250e-01 5.130e-06
5.3500e-01 5.129e-06
5.3750e-01 5.128e-06
5.4000e-01 5.127e-06
5.4250e-01 5.127e-06
5.4500e-01 5.126e-06
5.4750e-01 5.126e-06
5.5000e-01 5.125e-06
5.5250e-01 5.125e-06
5.5500e-01 5.125e-06
5.5750e-01 5.126e-06
5.6000e-01 5.126e-06
5.6250e-01 5.126e-06
5.6500e-01 5.127e-06
5.6750e-01 5.128e-06
5.7000e-01 5.129e-06
5.7250e-01 5.130e-06
5.7500e-01 5.131e-06
5.7750e-01 5.133e-06
5.8000e-01 5.134e-06
5.8250e-01 5.136e-06
5.8500e-01 5.138e-06
5.8750e-01 5.140e-06
5.9000e-01 5.142e-06
5.9250e-01 5.144e-06
5.9500e-01 5.146e-06
5.9750e-01 5.149e-06
6.0000e-01 5.152e-06
6.0250e-01 5.155e-06
6.0500e-01 5.158e-06
6.0750e-01 5.161e-06
6.1000e-01 5.164e-06
6.1250e-01 5.167e-06
6.1500e-01 5.171e-06
6.1750e-01 5.175e-06
6.2000e-01 5.178e-06
6.2250e-01 5.182e-06
6.2500e-01 5.186e-06
6.2750e-01 5.191e-06
6.3000e-01 5.195e-06
6.3250e-01 5.200e-06
6.3500e-01 5.204e-06
6.3750e-01 5.209e-06
6.4000e-01 5.214e-06
6.4250e-01 5.219e-06
6.4500e-01 5.225e-06
6.4750e-01 5.230e-06
6.5000e-01 5.236e-06
6.5250e-01 5.241e-06
6.5500e-01 5.247e-06
6.5750e-01 5.253e-06
6.6000e-01 5.259e-06
6.6250e-01 5.265e-06
6.6500e-01 5.272e-06
6.6750e-01 5.278e-06
6.7000e-01 5.285e-06
6.7250e-01 5.292e-06
6.7500e-01 5.299e-06
6.7750e-01 5.306e-06
6.8000e-01 5.313e-06
6.8250e-01 5.321e-06
6.8500e-01 5.328e-06
6.8750e-01 5.336e-06
6.9000e-01 5.344e-06
6.9250e-01 5.352e-06
6.9500e-01 5.360e-06
6.9750e-01 5.369e-06
7.0000e-01 5.377e-06
7.0250e-01 5.386e-06
7.0500e-01 5.395e-06
7.0750e-01 5.404e-06
7.1000e-01 5.413e-06
7.1250e-01 5.422e-06
7.1500e-01 5.432e-06
7.1750e-01 5.441e-06
7.2000e-01 5.451e-06
7.2250e-01 5.461e-06
7.2500e-01 5.471e-06
7.2750e-01 5.481e-06
7.3000e-01 5.492e-06
7.3250e-01 5.502e-06
7.3500e-01 5.513e-06
7.3750e-01 5.524e-06
7.4000e-01 5.535e-06
7.4250e-01 5.546e-06
7.4500e-01 5.558e-06
7.4750e-01 5.569e-06
7.5000e-01 5.581e-06
7.5250e-01 5.593e-06
7.5500e-01 5.605e-06
7.5750e-01 5.617e-06
7.6000e-01 5.630e-06
7.6250e-01 5.642e-06
7.6500e-01 5.655e-06
7.6750e-01 5.668e-06
7.7000e-01 5.681e-06
7.7250e-01 5.695e-06
7.7500e-01 5.708e-06
7.7750e-01 5.722e-06
7.8000e-01 5.736e-06
7.8250e-01 5.750e-06
7.8500e-01 5.764e-06
7.8750e-01 5.778e-06
7.9000e-01 5.793e-06
7.9250e-01 5.808e-06
7.9500e-01 5.823e-06
7.9750e-01 5.838e-06
8.0000e-01 5.854e-06
8.0250e-01 5.869e-06
8.0500e-01 5.885e-06
8.0750e-01 5.901e-06
8.1000e-01 5.917e-06
8.1250e-01 5.934e-06
8.1500e-01 5.950e-06
8.1750e-01 5.967e-06
8.2000e-01 5.984e-06
8.2250e-01 6.001e-06
8.2500e-01 6.019e-06
8.2750e-01 6.037e-06
8.3000e-01 6.055e-06
8.3250e-01 6.073e-06
8.3500e-01 6.091e-06
8.3750e-01 6.109e-06
8.4000e-01 6.128e-06
8.4250e-01 6.147e-06
8.4500e-01 6.166e-06
8.4750e-01 6.186e-06
8.5000e-01 6.206e-06
8.5250e-01 6.225e-06
8.5500e-01 6.246e-06
8.5750e-01 6.266e-06
8.6000e-01 6.287e-06
8.6250e-01 6.307e-06
8.6500e-01 6.329e-06
8.6750e-01 6.350e-06
8.7000e-01 6.371e-06
8.7250e-01 6.393e-06
8.7500e-01 6.415e-06
8.7750e-01 6.438e-06
8.8000e-01 6.460e-06
8.8250e-01 6.483e-06
8.8500e-01 6.506e-06
8.8750e-01 6.529e-06
8.9000e-01 6.553e-06
8.9250e-01 6.577e-06
8.9500e-01 6.601e-06
8.9750e-01 6.625e-06
9.0000e-01 6.650e-06
9.0250e-01 6.675e-06
9.0500e-01 6.700e-06
9.0750e-01 6.726e-06
9.1000e-01 6.752e-06
9.1250e-01 6.778e-06
9.1500e-01 6.804e-06
9.1750e-01 6.831e-06
9.2000e-01 6.858e-06
9.2250e-01 6.885e-06
9.2500e-01 6.912e-06
9.2750e-01 6.940e-06
9.3000e-01 6.968e-06
9.3250e-01 6.997e-06
9.3500e-01 7.025e-06
9.3750e-01 7.054e-06
9.4000e-01 7.084e-06
9.4250e-01 7.113e-06
9.4500e-01 7.143e-06
9.4750e-01 7.174e-06
9.5000e-01 7.204e-06
9.5250e-01 7.235e-06
9.5500e-01 7.266e-06
9.5750e-01 7.298e-06
9.6000e-01 7.330e-06
9.6250e-01 7.362e-06
9.6500e-01 7.395e-06
9.6750e-01 7.428e-06
9.7000e-01 7.461e-06
9.7250e-01 7.495e-06
9.7500e-01 7.529e-06
9.7750e-01 7.563e-06
9.8000e-01 7.598e-06
9.8250e-01 7.633e-06
9.8500e-01 7.668e-06
9.8750e-01 7.704e-06
9.9000e-01 7.740e-06
9.9250e-01 7.777e-06
9.9500e-01 7.814e-06
9.9750e-01 7.851e-06
1.0000e+00 7.889e-06
1.0025e+00 7.927e-06
1.0050e+00 7.966e-06
1.0075e+00 8.005e-06
1.0100e+00 8.044e-06
1.0125e+00 8.084e-06
1.0150e+00 8.124e-06
1.0175e+00 8.164e-06
1.0200e+00 8.205e-06
1.0225e+00 8.247e-06
1.0250e+00 8.288e-06
1.0275e+00 8.331e-06
1.0300e+00 8.373e-06
1.0325e+00 8.416e-06
1.0350e+00 8.460e-06
1.0375e+00 8.504e-06
1.0400e+00 8.548e-06
1.0425e+00 8.593e-06
1.0450e+00 8.638e-06
1.0475e+00 8.684e-06
1.0500e+00 8.730e-06
1.0525e+00 8.777e-06
1.0550e+00 8.824e-06
1.0575e+00 8.872e-06
1.0600e+00 8.920e-06
1.0625e+00 8.969e-06
1.0650e+00 9.018e-06
1.0675e+00 9.068e-06
1.0700e+00 9.118e-06
1.0725e+00 9.169e-06
1.0750e+00 9.220e-06
1.0775e+00 9.271e-06
1.0800e+00 9.324e-06
1.0825e+00 9.376e-06
1.0850e+00 9.430e-06
1.0875e+00 9.483e-06
1.0900e+00 9.538e-06
1.0925e+00 9.593e-06
1.0950e+00 9.648e-06
1.0975e+00 9.704e-06
1.1000e+00 9.760e-06
1.1025e+00 9.818e-06
1.1050e+00 9.875e-06
1.1075e+00 9.934e-06
1.1100e+00 9.992e-06
1.1125e+00 1.005e-05
1.1150e+00 1.011e-05
1.1175e+00 1.017e-05
1.1200e+00 1.023e-05
1.1225e+00 1.030e-05
1.1250e+00 1.036e-05
1.1275e+00 1.042e-05
1.1300e+00 1.048e-05
1.1325e+00 1.055e-05
1.1350e+00 1.061e-05
1.1375e+00 1.068e-05
1.1400e+00 1.075e-05
1.1425e+00 1.081e-05
1.1450e+00 1.088e-05
1.1475e+00 1.095e-05
1.1500e+00 1.102e-05
1.1525e+00 1.109e-05
1.1550e+00 1.116e-05
1.1575e+00 1.123e-05
1.1600e+00 1.130e-05
1.1625e+00 1.137e-05
1.1650e+00 1.145e-05
1.1675e+00 1.152e-05
1.1700e+00 1.159e-05
1.1725e+00 1.167e-05
1.1750e+00 1.175e-05
1.1775e+00 1.182e-05
1.1800e+00 1.190e-05
1.1825e+00 1.198e-05
1.1850e+00 1.206e-05
1.1875e+00 1.214e-05
1.1900e+00 1.222e-05
1.1925e+00 1.230e-05
1.1950e+00 1.238e-05
1.1975e+00 1.247e-05
1.2000e+00 1.255e-05
