0.0000e+00 -2.296e-41
2.5000e-03 3.073e-07
5.0000e-03 6.146e-07
7.5000e-03 9.219e-07
1.0000e-02 1.229e-06
1.2500e-02 1.537e-06
1.5000e-02 1.846e-06
1.7500e-02 2.155e-06
2.0000e-02 2.465e-06
2.2500e-02 2.775e-06
2.5000e-02 3.087e-06
2.7500e-02 3.400e-06
3.0000e-02 3.714e-06
3.2500e-02 4.029e-06
3.5000e-02 4.346e-06
3.7500e-02 4.664e-06
4.0000e-02 4.984e-06
4.2500e-02 5.306e-06
4.5000e-02 5.630e-06
4.7500e-02 5.955e-06
5.0000e-02 6.282e-06
5.2500e-02 6.611e-06
5.5000e-02 6.942e-06
5.7500e-02 7.275e-06
6.0000e-02 7.610e-06
6.2500e-02 7.947e-06
6.5000e-02 8.286e-06
6.7500e-02 8.627e-06
7.0000e-02 8.969e-06
7.2500e-02 9.314e-06
7.5000e-02 9.660e-06
7.7500e-02 1.001e-05
8.0000e-02 1.036e-05
8.2500e-02 1.071e-05
8.5000e-02 1.106e-05
8.7500e-02 1.141e-05
9.0000e-02 1.176e-05
9.2500e-02 1.211e-05
9.5000e-02 1.247e-05
9.7500e-02 1.282e-05
1.0000e-01 1.317e-05
1.0250e-01 1.352e-05
1.0500e-01 1.386e-05
1.0750e-01 1.421e-05
1.1000e-01 1.455e-05
1.1250e-01 1.488e-05
1.1500e-01 1.521e-05
1.1750e-01 1.553e-05
1.2000e-01 1.584e-05
1.2250e-01 1.614e-05
1.2500e-01 1.642e-05
1.2750e-01 1.668e-05
1.3000e-01 1.692e-05
1.3250e-01 1.713e-05
1.3500e-01 1.729e-05
1.3750e-01 1.742e-05
1.4000e-01 1.748e-05
1.4250e-01 1.745e-05
1.4500e-01 1.733e-05
1.4750e-01 1.707e-05
1.5000e-01 1.663e-05
1.5250e-01 1.598e-05
1.5500e-01 1.508e-05
1.5750e-01 1.392e-05
1.6000e-01 1.256e-05
1.6250e-01 1.112e-05
1.6500e-01 9.752e-06
1.6750e-01 8.535e-06
1.7000e-01 7.509e-06
1.7250e-01 6.664e-06
1.7500e-01 5.974e-06
1.7750e-01 5.409e-06
1.8000e-01 4.942e-06
1.8250e-01 4.554e-06
1.8500e-01 4.227e-06
1.8750e-01 3.950e-06
1.9000e-01 3.711e-06
1.9250e-01 3.505e-06
1.9500e-01 3.325e-06
1.9750e-01 3.167e-06
2.0000e-01 3.027e-06
2.0250e-01 2.902e-06
2.0500e-01 2.790e-06
2.0750e-01 2.690e-06
2.1000e-01 2.599e-06
2.1250e-01 2.516e-06
2.1500e-01 2.440e-06
2.1750e-01 2.371e-06
2.2000e-01 2.308e-06
2.2250e-01 2.250e-06
2.2500e-01 2.196e-06
2.2750e-01 2.146e-06
2.3000e-01 2.099e-06
2.3250e-01 2.056e-06
2.3500e-01 2.016e-06
2.3750e-01 1.978e-06
2.4000e-01 1.943e-06
2.4250e-01 1.910e-06
2.4500e-01 1.879e-06
2.4750e-01 1.850e-06
2.5000e-01 1.823e-06
2.5250e-01 1.797e-06
2.5500e-01 1.772e-06
2.5750e-01 1.749e-06
2.6000e-01 1.727e-06
2.6250e-01 1.707e-06
2.6500e-01 1.687e-06
2.6750e-01 1.668e-06
2.7000e-01 1.651e-06
2.7250e-01 1.634e-06
2.7500e-01 1.618e-06
2.7750e-01 1.603e-06
2.8000e-01 1.588e-06
2.8250e-01 1.575e-06
2.8500e-01 1.562e-06
2.8750e-01 1.550e-06
2.9000e-01 1.538e-06
2.9250e-01 1.527e-06
2.9500e-01 1.516e-06
2.9750e-01 1.506e-06
3.0000e-01 1.496e-06
3.0250e-01 1.487e-06
3.0500e-01 1.479e-06
3.0750e-01 1.471e-06
3.1000e-01 1.463e-06
3.1250e-01 1.456e-06
3.1500e-01 1.449e-06
3.1750e-01 1.443e-06
3.2000e-01 1.437e-06
3.2250e-01 1.431e-06
3.2500e-01 1.426e-06
3.2750e-01 1.421e-06
3.3000e-01 1.416e-06
3.3250e-01 1.412e-06
3.3500e-01 1.409e-06
3.3750e-01 1.405e-06
3.4000e-01 1.402e-06
3.4250e-01 1.400e-06
3.4500e-01 1.397e-06
3.4750e-01 1.395e-06
3.5000e-01 1.394e-06
3.5250e-01 1.392e-06
3.5500e-01 1.392e-06
3.5750e-01 1.391e-06
3.6000e-01 1.391e-06
3.6250e-01 1.391e-06
3.6500e-01 1.392e-06
3.6750e-01 1.393e-06
3.7000e-01 1.394e-06
3.7250e-01 1.396e-06
3.7500e-01 1.398e-06
3.7750e-01 1.401e-06
3.8000e-01 1.404e-06
3.8250e-01 1.407e-06
3.8500e-01 1.411e-06
3.8750e-01 1.416e-06
3.9000e-01 1.421e-06
3.9250e-01 1.426e-06
3.9500e-01 1.432e-06
3.9750e-01 1.438e-06
4.0000e-01 1.445e-06
4.0250e-01 1.452e-06
4.0500e-01 1.460e-06
4.0750e-01 1.469e-06
4.1000e-01 1.478e-06
4.1250e-01 1.488e-06
4.1500e-01 1.498e-06
4.1750e-01 1.509e-06
4.2000e-01 1.521e-06
4.2250e-01 1.533e-06
4.2500e-01 1.547e-06
4.2750e-01 1.561e-06
4.3000e-01 1.575e-06
4.3250e-01 1.591e-06
4.3500e-01 1.607e-06
4.3750e-01 1.625e-06
4.4000e-01 1.643e-06
4.4250e-01 1.662e-06
4.4500e-01 1.682e-06
4.4750e-01 1.703e-06
4.5000e-01 1.726e-06
4.5250e-01 1.749e-06
4.5500e-01 1.774e-06
4.5750e-01 1.799e-06
4.6000e-01 1.827e-06
4.6250e-01 1.855e-06
4.6500e-01 1.885e-06
4.6750e-01 1.916e-06
4.7000e-01 1.949e-06
4.7250e-01 1.983e-06
4.7500e-01 2.019e-06
4.7750e-01 2.056e-06
4.8000e-01 2.095e-06
4.8250e-01 2.136e-06
4.8500e-01 2.179e-06
4.8750e-01 2.224e-06
4.9000e-01 2.271e-06
4.9250e-01 2.320e-06
4.9500e-01 2.372e-06
4.9750e-01 2.425e-06
5.0000e-01 2.482e-06
5.0250e-01 2.540e-06
5.0500e-01 2.602e-06
5.0750e-01 2.666e-06
5.1000e-01 2.733e-06
5.1250e-01 2.803e-06
5.1500e-01 2.876e-06
5.1750e-01 2.952e-06
5.2000e-01 3.032e-06
5.2250e-01 3.115e-06
5.2500e-01 3.202e-06
5.2750e-01 3.293e-06
5.3000e-01 3.387e-06
5.3250e-01 3.486e-06
5.3500e-01 3.590e-06
5.3750e-01 3.698e-06
5.4000e-01 3.810e-06
5.4250e-01 3.928e-06
5.4500e-01 4.051e-06
5.4750e-01 4.179e-06
5.5000e-01 4.312e-06
5.5250e-01 4.452e-06
5.5500e-01 4.598e-06
5.5750e-01 4.750e-06
5.6000e-01 4.908e-06
5.6250e-01 5.074e-06
5.6500e-01 5.247e-06
5.6750e-01 5.427e-06
5.7000e-01 5.616e-06
5.7250e-01 5.812e-06
5.7500e-01 6.017e-06
5.7750e-01 6.231e-06
5.8000e-01 6.454e-06
5.8250e-01 6.687e-06
5.8500e-01 6.930e-06
5.8750e-01 7.184e-06
5.9000e-01 7.449e-06
5.9250e-01 7.725e-06
5.9500e-01 8.013e-06
5.9750e-01 8.314e-06
6.0000e-01 8.627e-06
6.0250e-01 8.955e-06
6.0500e-01 9.296e-06
6.0750e-01 9.652e-06
6.1000e-01 1.002e-05
6.1250e-01 1.041e-05
6.1500e-01 1.082e-05
6.1750e-01 1.124e-05
6.2000e-01 1.168e-05
6.2250e-01 1.214e-05
6.2500e-01 1.262e-05
6.2750e-01 1.312e-05
6.3000e-01 1.364e-05
6.3250e-01 1.418e-05
6.3500e-01 1.475e-05
6.3750e-01 1.534e-05
6.4000e-01 1.596e-05
6.4250e-01 1.661e-05
6.4500e-01 1.728e-05
6.4750e-01 1.798e-05
6.5000e-01 1.871e-05
6.5250e-01 1.948e-05
6.5500e-01 2.027e-05
6.5750e-01 2.111e-05
6.6000e-01 2.197e-05
6.6250e-01 2.288e-05
6.6500e-01 2.382e-05
6.6750e-01 2.481e-05
6.7000e-01 2.583e-05
6.7250e-01 2.690e-05
6.7500e-01 2.802e-05
6.7750e-01 2.919e-05
6.8000e-01 3.040e-05
6.8250e-01 3.167e-05
6.8500e-01 3.299e-05
6.8750e-01 3.438e-05
6.9000e-01 3.582e-05
6.9250e-01 3.732e-05
6.9500e-01 3.888e-05
6.9750e-01 4.052e-05
7.0000e-01 4.222e-05
7.0250e-01 4.400e-05
7.0500e-01 4.586e-05
7.0750e-01 4.779e-05
7.1000e-01 4.981e-05
7.1250e-01 5.192e-05
7.1500e-01 5.412e-05
7.1750e-01 5.641e-05
7.2000e-01 5.880e-05
7.2250e-01 6.129e-05
7.2500e-01 6.389e-05
7.2750e-01 6.661e-05
7.3000e-01 6.944e-05
7.3250e-01 7.239e-05
7.3500e-01 7.547e-05
7.3750e-01 7.868e-05
7.4000e-01 8.203e-05
7.4250e-01 8.553e-05
7.4500e-01 8.917e-05
7.4750e-01 9.297e-05
7.5000e-01 9.694e-05
7.5250e-01 1.011e-04
7.5500e-01 1.054e-04
7.5750e-01 1.099e-04
7.6000e-01 1.146e-04
7.6250e-01 1.195e-04
7.6500e-01 1.246e-04
7.6750e-01 1.299e-04
7.7000e-01 1.355e-04
7.7250e-01 1.413e-04
7.7500e-01 1.473e-04
7.7750e-01 1.536e-04
7.8000e-01 1.602e-04
7.8250e-01 1.670e-04
7.8500e-01 1.742e-04
7.8750e-01 1.816e-04
7.9000e-01 1.894e-04
7.9250e-01 1.975e-04
7.9500e-01 2.060e-04
7.9750e-01 2.148e-04
8.0000e-01 2.240e-04
8.0250e-01 2.336e-04
8.0500e-01 2.436e-04
8.0750e-01 2.540e-04
8.1000e-01 2.649e-04
8.1250e-01 2.763e-04
8.1500e-01 2.881e-04
8.1750e-01 3.004e-04
8.2000e-01 3.133e-04
8.2250e-01 3.267e-04
8.2500e-01 3.407e-04
8.2750e-01 3.553e-04
8.3000e-01 3.705e-04
8.3250e-01 3.863e-04
8.3500e-01 4.029e-04
8.3750e-01 4.201e-04
8.4000e-01 4.381e-04
8.4250e-01 4.568e-04
8.4500e-01 4.763e-04
8.4750e-01 4.967e-04
8.5000e-01 5.179e-04
8.5250e-01 5.400e-04
8.5500e-01 5.631e-04
8.5750e-01 5.871e-04
8.6000e-01 6.121e-04
8.6250e-01 6.383e-04
8.6500e-01 6.655e-04
8.6750e-01 6.938e-04
8.7000e-01 7.234e-04
8.7250e-01 7.542e-04
8.7500e-01 7.863e-04
8.7750e-01 8.197e-04
8.8000e-01 8.546e-04
8.8250e-01 8.909e-04
8.8500e-01 9.288e-04
8.8750e-01 9.682e-04
8.9000e-01 1.009e-03
8.9250e-01 1.052e-03
8.9500e-01 1.097e-03
8.9750e-01 1.143e-03
9.0000e-01 1.191e-03
9.0250e-01 1.242e-03
9.0500e-01 1.294e-03
9.0750e-01 1.349e-03
9.1000e-01 1.406e-03
9.1250e-01 1.465e-03
9.1500e-01 1.526e-03
9.1750e-01 1.591e-03
9.2000e-01 1.657e-03
9.2250e-01 1.727e-03
9.2500e-01 1.799e-03
9.2750e-01 1.874e-03
9.3000e-01 1.953e-03
9.3250e-01 2.034e-03
9.3500e-01 2.119e-03
9.3750e-01 2.207e-03
9.4000e-01 2.299e-03
9.4250e-01 2.394e-03
9.4500e-01 2.493e-03
9.4750e-01 2.596e-03
9.5000e-01 2.704e-03
9.5250e-01 2.815e-03
9.5500e-01 2.931e-03
9.5750e-01 3.051e-03
9.6000e-01 3.176e-03
9.6250e-01 3.306e-03
9.6500e-01 3.441e-03
9.6750e-01 3.581e-03
9.7000e-01 3.726e-03
9.7250e-01 3.877e-03
9.7500e-01 4.034e-03
9.7750e-01 4.196e-03
9.8000e-01 4.365e-03
9.8250e-01 4.540e-03
9.8500e-01 4.722e-03
9.8750e-01 4.910e-03
9.9000e-01 5.105e-03
9.9250e-01 5.307e-03
9.9500e-01 5.517e-03
9.9750e-01 5.734e-03
1.0000e+00 5.959e-03
1.0025e+00 6.192e-03
1.0050e+00 6.433e-03
1.0075e+00 6.682e-03
1.0100e+00 6.940e-03
1.0125e+00 7.207e-03
1.0150e+00 7.483e-03
1.0175e+00 7.769e-03
1.0200e+00 8.064e-03
1.0225e+00 8.369e-03
1.0250e+00 8.684e-03
1.0275e+00 9.009e-03
1.0300e+00 9.345e-03
1.0325e+00 9.692e-03
1.0350e+00 1.005e-02
1.0375e+00 1.042e-02
1.0400e+00 1.080e-02
1.0425e+00 1.119e-02
1.0450e+00 1.159e-02
1.0475e+00 1.201e-02
1.0500e+00 1.244e-02
1.0525e+00 1.288e-02
1.0550e+00 1.333e-02
1.0575e+00 1.380e-02
1.0600e+00 1.428e-02
1.0625e+00 1.477e-02
1.0650e+00 1.528e-02
1.0675e+00 1.580e-02
1.0700e+00 1.633e-02
1.0725e+00 1.688e-02
1.0750e+00 1.744e-02
1.0775e+00 1.802e-02
1.0800e+00 1.861e-02
1.0825e+00 1.921e-02
1.0850e+00 1.984e-02
1.0875e+00 2.047e-02
1.0900e+00 2.112e-02
1.0925e+00 2.179e-02
1.0950e+00 2.247e-02
1.0975e+00 2.316e-02
1.1000e+00 2.387e-02
1.1025e+00 2.460e-02
1.1050e+00 2.534e-02
1.1075e+00 2.610e-02
1.1100e+00 2.687e-02
1.1125e+00 2.766e-02
1.1150e+00 2.847e-02
1.1175e+00 2.929e-02
1.1200e+00 3.012e-02
1.1225e+00 3.098e-02
1.1250e+00 3.184e-02
1.1275e+00 3.273e-02
1.1300e+00 3.362e-02
1.1325e+00 3.454e-02
1.1350e+00 3.547e-02
1.1375e+00 3.641e-02
1.1400e+00 3.737e-02
1.1425e+00 3.835e-02
1.1450e+00 3.934e-02
1.1475e+00 4.035e-02
1.1500e+00 4.137e-02
1.1525e+00 4.240e-02
1.1550e+00 4.346e-02
1.1575e+00 4.452e-02
1.1600e+00 4.560e-02
1.1625e+00 4.670e-02
1.1650e+00 4.781e-02
1.1675e+00 4.893e-02
1.1700e+00 5.007e-02
1.1725e+00 5.123e-02
1.1750e+00 5.239e-02
1.1775e+00 5.358e-02
1.1800e+00 5.477e-02
1.1825e+00 5.598e-02
1.1850e+00 5.720e-02
1.1875e+00 5.844e-02
1.1900e+00 5.969e-02
1.1925e+00 6.095e-02
1.1950e+00 6.222e-02
1.1975e+00 6.351e-02
1.2000e+00 6.481e-02
