0.0000e+00 -8.862e-39
2.5000e-03 2.238e-06
5.0000e-03 4.475e-06
7.5000e-03 6.713e-06
1.0000e-02 8.952e-06
1.2500e-02 1.119e-05
1.5000e-02 1.344e-05
1.7500e-02 1.569e-05
2.0000e-02 1.794e-05
2.2500e-02 2.021e-05
2.5000e-02 2.248e-05
2.7500e-02 2.475e-05
3.0000e-02 2.704e-05
3.2500e-02 2.934e-05
3.5000e-02 3.164e-05
3.7500e-02 3.396e-05
4.0000e-02 3.629e-05
4.2500e-02 3.863e-05
4.5000e-02 4.099e-05
4.7500e-02 4.336e-05
5.0000e-02 4.574e-05
5.2500e-02 4.813e-05
5.5000e-02 5.054e-05
5.7500e-02 5.297e-05
6.0000e-02 5.541e-05
6.2500e-02 5.786e-05
6.5000e-02 6.033e-05
6.7500e-02 6.281e-05
7.0000e-02 6.530e-05
7.2500e-02 6.781e-05
7.5000e-02 7.033e-05
7.7500e-02 7.286e-05
8.0000e-02 7.540e-05
8.2500e-02 7.794e-05
8.5000e-02 8.050e-05
8.7500e-02 8.306e-05
9.0000e-02 8.563e-05
9.2500e-02 8.819e-05
9.5000e-02 9.076e-05
9.7500e-02 9.332e-05
1.0000e-01 9.587e-05
1.0250e-01 9.842e-05
1.0500e-01 1.009e-04
1.0750e-01 1.034e-04
1.1000e-01 1.059e-04
1.1250e-01 1.084e-04
1.1500e-01 1.107e-04
1.1750e-01 1.131e-04
1.2000e-01 1.153e-04
1.2250e-01 1.175e-04
1.2500e-01 1.195e-04
1.2750e-01 1.215e-04
1.3000e-01 1.232e-04
1.3250e-01 1.247e-04
1.3500e-01 1.260e-04
1.3750e-01 1.269e-04
1.4000e-01 1.273e-04
1.4250e-01 1.272e-04
1.4500e-01 1.263e-04
1.4750e-01 1.245e-04
1.5000e-01 1.214e-04
1.5250e-01 1.167e-04
1.5500e-01 1.101e-04
1.5750e-01 1.017e-04
1.6000e-01 9.183e-05
1.6250e-01 8.135e-05
1.6500e-01 7.129e-05
1.6750e-01 6.237e-05
1.7000e-01 5.484e-05
1.7250e-01 4.865e-05
1.7500e-01 4.360e-05
1.7750e-01 3.946e-05
1.8000e-01 3.605e-05
1.8250e-01 3.321e-05
1.8500e-01 3.083e-05
1.8750e-01 2.880e-05
1.9000e-01 2.706e-05
1.9250e-01 2.555e-05
1.9500e-01 2.424e-05
1.9750e-01 2.308e-05
2.0000e-01 2.206e-05
2.0250e-01 2.115e-05
2.0500e-01 2.034e-05
2.0750e-01 1.960e-05
2.1000e-01 1.894e-05
2.1250e-01 1.834e-05
2.1500e-01 1.779e-05
2.1750e-01 1.728e-05
2.2000e-01 1.682e-05
2.2250e-01 1.640e-05
2.2500e-01 1.600e-05
2.2750e-01 1.564e-05
2.3000e-01 1.530e-05
2.3250e-01 1.499e-05
2.3500e-01 1.469e-05
2.3750e-01 1.442e-05
2.4000e-01 1.416e-05
2.4250e-01 1.392e-05
2.4500e-01 1.369e-05
2.4750e-01 1.348e-05
2.5000e-01 1.328e-05
2.5250e-01 1.309e-05
2.5500e-01 1.291e-05
2.5750e-01 1.275e-05
2.6000e-01 1.259e-05
2.6250e-01 1.244e-05
2.6500e-01 1.229e-05
2.6750e-01 1.216e-05
2.7000e-01 1.203e-05
2.7250e-01 1.191e-05
2.7500e-01 1.179e-05
2.7750e-01 1.168e-05
2.8000e-01 1.158e-05
2.8250e-01 1.148e-05
2.8500e-01 1.138e-05
2.8750e-01 1.129e-05
2.9000e-01 1.121e-05
2.9250e-01 1.112e-05
2.9500e-01 1.105e-05
2.9750e-01 1.097e-05
3.0000e-01 1.090e-05
3.0250e-01 1.084e-05
3.0500e-01 1.078e-05
3.0750e-01 1.072e-05
3.1000e-01 1.066e-05
3.1250e-01 1.061e-05
3.1500e-01 1.056e-05
3.1750e-01 1.051e-05
3.2000e-01 1.047e-05
3.2250e-01 1.043e-05
3.2500e-01 1.039e-05
3.2750e-01 1.035e-05
3.3000e-01 1.032e-05
3.3250e-01 1.029e-05
3.3500e-01 1.026e-05
3.3750e-01 1.024e-05
3.4000e-01 1.022e-05
3.4250e-01 1.020e-05
3.4500e-01 1.018e-05
3.4750e-01 1.017e-05
3.5000e-01 1.016e-05
3.5250e-01 1.015e-05
3.5500e-01 1.014e-05
3.5750e-01 1.014e-05
3.6000e-01 1.014e-05
3.6250e-01 1.014e-05
3.6500e-01 1.014e-05
3.6750e-01 1.015e-05
3.7000e-01 1.016e-05
3.7250e-01 1.017e-05
3.7500e-01 1.019e-05
3.7750e-01 1.021e-05
3.8000e-01 1.023e-05
3.8250e-01 1.026e-05
3.8500e-01 1.028e-05
3.8750e-01 1.032e-05
3.9000e-01 1.035e-05
3.9250e-01 1.039e-05
3.9500e-01 1.043e-05
3.9750e-01 1.048e-05
4.0000e-01 1.053e-05
4.0250e-01 1.058e-05
4.0500e-01 1.064e-05
4.0750e-01 1.070e-05
4.1000e-01 1.077e-05
4.1250e-01 1.084e-05
4.1500e-01 1.092e-05
4.1750e-01 1.100e-05
4.2000e-01 1.108e-05
4.2250e-01 1.117e-05
4.2500e-01 1.127e-05
4.2750e-01 1.137e-05
4.3000e-01 1.148e-05
4.3250e-01 1.159e-05
4.3500e-01 1.171e-05
4.3750e-01 1.184e-05
4.4000e-01 1.197e-05
4.4250e-01 1.211e-05
4.4500e-01 1.226e-05
4.4750e-01 1.241e-05
4.5000e-01 1.257e-05
4.5250e-01 1.274e-05
4.5500e-01 1.292e-05
4.5750e-01 1.311e-05
4.6000e-01 1.331e-05
4.6250e-01 1.352e-05
4.6500e-01 1.373e-05
4.6750e-01 1.396e-05
4.7000e-01 1.420e-05
4.7250e-01 1.445e-05
4.7500e-01 1.471e-05
4.7750e-01 1.498e-05
4.8000e-01 1.527e-05
4.8250e-01 1.557e-05
4.8500e-01 1.588e-05
4.8750e-01 1.621e-05
4.9000e-01 1.655e-05
4.9250e-01 1.691e-05
4.9500e-01 1.728e-05
4.9750e-01 1.767e-05
5.0000e-01 1.808e-05
5.0250e-01 1.851e-05
5.0500e-01 1.895e-05
5.0750e-01 1.942e-05
5.1000e-01 1.991e-05
5.1250e-01 2.042e-05
5.1500e-01 2.095e-05
5.1750e-01 2.151e-05
5.2000e-01 2.209e-05
5.2250e-01 2.269e-05
5.2500e-01 2.333e-05
5.2750e-01 2.399e-05
5.3000e-01 2.468e-05
5.3250e-01 2.540e-05
5.3500e-01 2.615e-05
5.3750e-01 2.694e-05
5.4000e-01 2.776e-05
5.4250e-01 2.861e-05
5.4500e-01 2.951e-05
5.4750e-01 3.044e-05
5.5000e-01 3.141e-05
5.5250e-01 3.243e-05
5.5500e-01 3.349e-05
5.5750e-01 3.460e-05
5.6000e-01 3.575e-05
5.6250e-01 3.696e-05
5.6500e-01 3.822e-05
5.6750e-01 3.953e-05
5.7000e-01 4.090e-05
5.7250e-01 4.233e-05
5.7500e-01 4.382e-05
5.7750e-01 4.538e-05
5.8000e-01 4.700e-05
5.8250e-01 4.870e-05
5.8500e-01 5.047e-05
5.8750e-01 5.231e-05
5.9000e-01 5.424e-05
5.9250e-01 5.625e-05
5.9500e-01 5.834e-05
5.9750e-01 6.053e-05
6.0000e-01 6.281e-05
6.0250e-01 6.519e-05
6.0500e-01 6.768e-05
6.0750e-01 7.027e-05
6.1000e-01 7.297e-05
6.1250e-01 7.579e-05
6.1500e-01 7.873e-05
6.1750e-01 8.180e-05
6.2000e-01 8.501e-05
6.2250e-01 8.835e-05
6.2500e-01 9.183e-05
6.2750e-01 9.546e-05
6.3000e-01 9.926e-05
6.3250e-01 1.032e-04
6.3500e-01 1.073e-04
6.3750e-01 1.116e-04
6.4000e-01 1.161e-04
6.4250e-01 1.208e-04
6.4500e-01 1.257e-04
6.4750e-01 1.308e-04
6.5000e-01 1.361e-04
6.5250e-01 1.417e-04
6.5500e-01 1.474e-04
6.5750e-01 1.535e-04
6.6000e-01 1.598e-04
6.6250e-01 1.663e-04
6.6500e-01 1.732e-04
6.6750e-01 1.803e-04
6.7000e-01 1.877e-04
6.7250e-01 1.955e-04
6.7500e-01 2.036e-04
6.7750e-01 2.120e-04
6.8000e-01 2.208e-04
6.8250e-01 2.300e-04
6.8500e-01 2.396e-04
6.8750e-01 2.496e-04
6.9000e-01 2.600e-04
6.9250e-01 2.709e-04
6.9500e-01 2.822e-04
6.9750e-01 2.940e-04
7.0000e-01 3.063e-04
7.0250e-01 3.192e-04
7.0500e-01 3.326e-04
7.0750e-01 3.465e-04
7.1000e-01 3.611e-04
7.1250e-01 3.763e-04
7.1500e-01 3.921e-04
7.1750e-01 4.086e-04
7.2000e-01 4.258e-04
7.2250e-01 4.438e-04
7.2500e-01 4.625e-04
7.2750e-01 4.820e-04
7.3000e-01 5.023e-04
7.3250e-01 5.235e-04
7.3500e-01 5.456e-04
7.3750e-01 5.686e-04
7.4000e-01 5.927e-04
7.4250e-01 6.177e-04
7.4500e-01 6.438e-04
7.4750e-01 6.709e-04
7.5000e-01 6.993e-04
7.5250e-01 7.288e-04
7.5500e-01 7.596e-04
7.5750e-01 7.916e-04
7.6000e-01 8.250e-04
7.6250e-01 8.599e-04
7.6500e-01 8.961e-04
7.6750e-01 9.339e-04
7.7000e-01 9.733e-04
7.7250e-01 1.014e-03
7.7500e-01 1.057e-03
7.7750e-01 1.102e-03
7.8000e-01 1.148e-03
7.8250e-01 1.196e-03
7.8500e-01 1.247e-03
7.8750e-01 1.299e-03
7.9000e-01 1.353e-03
7.9250e-01 1.410e-03
7.9500e-01 1.469e-03
7.9750e-01 1.531e-03
8.0000e-01 1.595e-03
8.0250e-01 1.662e-03
8.0500e-01 1.731e-03
8.0750e-01 1.803e-03
8.1000e-01 1.879e-03
8.1250e-01 1.957e-03
8.1500e-01 2.038e-03
8.1750e-01 2.123e-03
8.2000e-01 2.211e-03
8.2250e-01 2.303e-03
8.2500e-01 2.398e-03
8.2750e-01 2.497e-03
8.3000e-01 2.600e-03
8.3250e-01 2.707e-03
8.3500e-01 2.818e-03
8.3750e-01 2.934e-03
8.4000e-01 3.054e-03
8.4250e-01 3.179e-03
8.4500e-01 3.309e-03
8.4750e-01 3.443e-03
8.5000e-01 3.583e-03
8.5250e-01 3.729e-03
8.5500e-01 3.879e-03
8.5750e-01 4.036e-03
8.6000e-01 4.198e-03
8.6250e-01 4.367e-03
8.6500e-01 4.542e-03
8.6750e-01 4.723e-03
8.7000e-01 4.911e-03
8.7250e-01 5.106e-03
8.7500e-01 5.308e-03
8.7750e-01 5.518e-03
8.8000e-01 5.735e-03
8.8250e-01 5.959e-03
8.8500e-01 6.192e-03
8.8750e-01 6.433e-03
8.9000e-01 6.682e-03
8.9250e-01 6.940e-03
8.9500e-01 7.207e-03
8.9750e-01 7.483e-03
9.0000e-01 7.768e-03
9.0250e-01 8.063e-03
9.0500e-01 8.368e-03
9.0750e-01 8.682e-03
9.1000e-01 9.007e-03
9.1250e-01 9.343e-03
9.1500e-01 9.689e-03
9.1750e-01 1.005e-02
9.2000e-01 1.041e-02
9.2250e-01 1.079e-02
9.2500e-01 1.119e-02
9.2750e-01 1.159e-02
9.3000e-01 1.201e-02
9.3250e-01 1.243e-02
9.3500e-01 1.287e-02
9.3750e-01 1.333e-02
9.4000e-01 1.379e-02
9.4250e-01 1.427e-02
9.4500e-01 1.476e-02
9.4750e-01 1.527e-02
9.5000e-01 1.579e-02
9.5250e-01 1.632e-02
9.5500e-01 1.687e-02
9.5750e-01 1.743e-02
9.6000e-01 1.801e-02
9.6250e-01 1.860e-02
9.6500e-01 1.921e-02
9.6750e-01 1.983e-02
9.7000e-01 2.046e-02
9.7250e-01 2.111e-02
9.7500e-01 2.178e-02
9.7750e-01 2.246e-02
9.8000e-01 2.315e-02
9.8250e-01 2.386e-02
9.8500e-01 2.459e-02
9.8750e-01 2.533e-02
9.9000e-01 2.609e-02
9.9250e-01 2.686e-02
9.9500e-01 2.765e-02
9.9750e-01 2.845e-02
1.0000e+00 2.927e-02
1.0025e+00 3.011e-02
1.0050e+00 3.096e-02
1.0075e+00 3.183e-02
1.0100e+00 3.271e-02
1.0125e+00 3.361e-02
1.0150e+00 3.452e-02
1.0175e+00 3.545e-02
1.0200e+00 3.640e-02
1.0225e+00 3.736e-02
1.0250e+00 3.833e-02
1.0275e+00 3.932e-02
1.0300e+00 4.033e-02
1.0325e+00 4.135e-02
1.0350e+00 4.238e-02
1.0375e+00 4.344e-02
1.0400e+00 4.450e-02
1.0425e+00 4.558e-02
1.0450e+00 4.668e-02
1.0475e+00 4.779e-02
1.0500e+00 4.891e-02
1.0525e+00 5.005e-02
1.0550e+00 5.120e-02
1.0575e+00 5.237e-02
1.0600e+00 5.355e-02
1.0625e+00 5.475e-02
1.0650e+00 5.596e-02
1.0675e+00 5.718e-02
1.0700e+00 5.841e-02
1.0725e+00 5.966e-02
1.0750e+00 6.092e-02
1.0775e+00 6.220e-02
1.0800e+00 6.349e-02
1.0825e+00 6.479e-02
1.0850e+00 6.610e-02
1.0875e+00 6.743e-02
1.0900e+00 6.877e-02
1.0925e+00 7.012e-02
1.0950e+00 7.148e-02
1.0975e+00 7.285e-02
1.1000e+00 7.424e-02
1.1025e+00 7.563e-02
1.1050e+00 7.704e-02
1.1075e+00 7.846e-02
1.1100e+00 7.989e-02
1.1125e+00 8.134e-02
1.1150e+00 8.279e-02
1.1175e+00 8.425e-02
1.1200e+00 8.573e-02
1.1225e+00 8.721e-02
1.1250e+00 8.871e-02
1.1275e+00 9.021e-02
1.1300e+00 9.173e-02
1.1325e+00 9.325e-02
1.1350e+00 9.479e-02
1.1375e+00 9.633e-02
1.1400e+00 9.788e-02
1.1425e+00 9.945e-02
1.1450e+00 1.010e-01
1.1475e+00 1.026e-01
1.1500e+00 1.042e-01
1.1525e+00 1.058e-01
1.1550e+00 1.074e-01
1.1575e+00 1.090e-01
1.1600e+00 1.106e-01
1.1625e+00 1.123e-01
1.1650e+00 1.139e-01
1.1675e+00 1.156e-01
1.1700e+00 1.172e-01
1.1725e+00 1.189e-01
1.1750e+00 1.206e-01
1.1775e+00 1.222e-01
1.1800e+00 1.239e-01
1.1825e+00 1.256e-01
1.1850e+00 1.273e-01
1.1875e+00 1.290e-01
1.1900e+00 1.308e-01
1.1925e+00 1.325e-01
1.1950e+00 1.342e-01
1.1975e+00 1.360e-01
1.2000e+00 1.377e-01
