0.0000e+00 -4.808e-38
2.5000e-03 3.932e-06
5.0000e-03 7.860e-06
7.5000e-03 1.178e-05
1.0000e-02 1.571e-05
1.2500e-02 1.962e-05
1.5000e-02 2.353e-05
1.7500e-02 2.744e-05
2.0000e-02 3.134e-05
2.2500e-02 3.524e-05
2.5000e-02 3.912e-05
2.7500e-02 4.301e-05
3.0000e-02 4.688e-05
3.2500e-02 5.074e-05
3.5000e-02 5.460e-05
3.7500e-02 5.845e-05
4.0000e-02 6.229e-05
4.2500e-02 6.611e-05
4.5000e-02 6.993e-05
4.7500e-02 7.373e-05
5.0000e-02 7.752e-05
5.2500e-02 8.129e-05
5.5000e-02 8.505e-05
5.7500e-02 8.879e-05
6.0000e-02 9.251e-05
6.2500e-02 9.621e-05
6.5000e-02 9.989e-05
6.7500e-02 1.035e-04
7.0000e-02 1.072e-04
7.2500e-02 1.108e-04
7.5000e-02 1.143e-04
7.7500e-02 1.179e-04
8.0000e-02 1.213e-04
8.2500e-02 1.248e-04
8.5000e-02 1.282e-04
8.7500e-02 1.315e-04
9.0000e-02 1.347e-04
9.2500e-02 1.379e-04
9.5000e-02 1.409e-04
9.7500e-02 1.439e-04
1.0000e-01 1.467e-04
1.0250e-01 1.493e-04
1.0500e-01 1.517e-04
1.0750e-01 1.539e-04
1.1000e-01 1.557e-04
1.1250e-01 1.571e-04
1.1500e-01 1.579e-04
1.1750e-01 1.578e-04
1.2000e-01 1.567e-04
1.2250e-01 1.540e-04
1.2500e-01 1.491e-04
1.2750e-01 1.409e-04
1.3000e-01 1.287e-04
1.3250e-01 1.124e-04
1.3500e-01 9.412e-05
1.3750e-01 7.717e-05
1.4000e-01 6.349e-05
1.4250e-01 5.314e-05
1.4500e-01 4.540e-05
1.4750e-01 3.956e-05
1.5000e-01 3.506e-05
1.5250e-01 3.151e-05
1.5500e-01 2.866e-05
1.5750e-01 2.633e-05
1.6000e-01 2.439e-05
1.6250e-01 2.276e-05
1.6500e-01 2.136e-05
1.6750e-01 2.016e-05
1.7000e-01 1.911e-05
1.7250e-01 1.818e-05
1.7500e-01 1.737e-05
1.7750e-01 1.664e-05
1.8000e-01 1.599e-05
1.8250e-01 1.540e-05
1.8500e-01 1.486e-05
1.8750e-01 1.438e-05
1.9000e-01 1.394e-05
1.9250e-01 1.353e-05
1.9500e-01 1.316e-05
1.9750e-01 1.281e-05
2.0000e-01 1.249e-05
2.0250e-01 1.219e-05
2.0500e-01 1.192e-05
2.0750e-01 1.166e-05
2.1000e-01 1.142e-05
2.1250e-01 1.119e-05
2.1500e-01 1.098e-05
2.1750e-01 1.078e-05
2.2000e-01 1.059e-05
2.2250e-01 1.041e-05
2.2500e-01 1.024e-05
2.2750e-01 1.008e-05
2.3000e-01 9.929e-06
2.3250e-01 9.786e-06
2.3500e-01 9.649e-06
2.3750e-01 9.519e-06
2.4000e-01 9.395e-06
2.4250e-01 9.277e-06
2.4500e-01 9.164e-06
2.4750e-01 9.056e-06
2.5000e-01 8.953e-06
2.5250e-01 8.854e-06
2.5500e-01 8.760e-06
2.5750e-01 8.669e-06
2.6000e-01 8.582e-06
2.6250e-01 8.498e-06
2.6500e-01 8.418e-06
2.6750e-01 8.340e-06
2.7000e-01 8.266e-06
2.7250e-01 8.194e-06
2.7500e-01 8.125e-06
2.7750e-01 8.059e-06
2.8000e-01 7.994e-06
2.8250e-01 7.932e-06
2.8500e-01 7.873e-06
2.8750e-01 7.815e-06
2.9000e-01 7.759e-06
2.9250e-01 7.705e-06
2.9500e-01 7.653e-06
2.9750e-01 7.602e-06
3.0000e-01 7.553e-06
3.0250e-01 7.506e-06
3.0500e-01 7.460e-06
3.0750e-01 7.415e-06
3.1000e-01 7.372e-06
3.1250e-01 7.330e-06
3.1500e-01 7.289e-06
3.1750e-01 7.250e-06
3.2000e-01 7.212e-06
3.2250e-01 7.175e-06
3.2500e-01 7.139e-06
3.2750e-01 7.104e-06
3.3000e-01 7.070e-06
3.3250e-01 7.037e-06
3.3500e-01 7.004e-06
3.3750e-01 6.973e-06
3.4000e-01 6.943e-06
3.4250e-01 6.913e-06
3.4500e-01 6.885e-06
3.4750e-01 6.857e-06
3.5000e-01 6.829e-06
3.5250e-01 6.803e-06
3.5500e-01 6.777e-06
3.5750e-01 6.752e-06
3.6000e-01 6.728e-06
3.6250e-01 6.704e-06
3.6500e-01 6.681e-06
3.6750e-01 6.658e-06
3.7000e-01 6.636e-06
3.7250e-01 6.615e-06
3.7500e-01 6.594e-06
3.7750e-01 6.574e-06
3.8000e-01 6.554e-06
3.8250e-01 6.535e-06
3.8500e-01 6.517e-06
3.8750e-01 6.498e-06
3.9000e-01 6.481e-06
3.9250e-01 6.463e-06
3.9500e-01 6.447e-06
3.9750e-01 6.430e-06
4.0000e-01 6.414e-06
4.0250e-01 6.399e-06
4.0500e-01 6.384e-06
4.0750e-01 6.369e-06
4.1000e-01 6.355e-06
4.1250e-01 6.341e-06
4.1500e-01 6.327e-06
4.1750e-01 6.314e-06
4.2000e-01 6.301e-06
4.2250e-01 6.289e-06
4.2500e-01 6.276e-06
4.2750e-01 6.265e-06
4.3000e-01 6.253e-06
4.3250e-01 6.242e-06
4.3500e-01 6.231e-06
4.3750e-01 6.221e-06
4.4000e-01 6.211e-06
4.4250e-01 6.201e-06
4.4500e-01 6.191e-06
4.4750e-01 6.182e-06
4.5000e-01 6.173e-06
4.5250e-01 6.164e-06
4.5500e-01 6.155e-06
4.5750e-01 6.147e-06
4.6000e-01 6.139e-06
4.6250e-01 6.132e-06
4.6500e-01 6.124e-06
4.6750e-01 6.117e-06
4.7000e-01 6.110e-06
4.7250e-01 6.103e-06
4.7500e-01 6.097e-06
4.7750e-01 6.091e-06
4.8000e-01 6.085e-06
4.8250e-01 6.079e-06
4.8500e-01 6.074e-06
4.8750e-01 6.068e-06
4.9000e-01 6.063e-06
4.9250e-01 6.059e-06
4.9500e-01 6.054e-06
4.9750e-01 6.050e-06
5.0000e-01 6.045e-06
5.0250e-01 6.041e-06
5.0500e-01 6.038e-06
5.0750e-01 6.034e-06
5.1000e-01 6.031e-06
5.1250e-01 6.028e-06
5.1500e-01 6.025e-06
5.1750e-01 6.022e-06
5.2000e-01 6.020e-06
5.2250e-01 6.017e-06
5.2500e-01 6.015e-06
5.2750e-01 6.013e-06
5.3000e-01 6.011e-06
5.3250e-01 6.010e-06
5.3500e-01 6.008e-06
5.3750e-01 6.007e-06
5.4000e-01 6.006e-06
5.4250e-01 6.005e-06
5.4500e-01 6.005e-06
5.4750e-01 6.004e-06
5.5000e-01 6.004e-06
5.5250e-01 6.004e-06
5.5500e-01 6.004e-06
5.5750e-01 6.004e-06
5.6000e-01 6.005e-06
5.6250e-01 6.005e-06
5.6500e-01 6.006e-06
5.6750e-01 6.007e-06
5.7000e-01 6.008e-06
5.7250e-01 6.009e-06
5.7500e-01 6.011e-06
5.7750e-01 6.012e-06
5.8000e-01 6.014e-06
5.8250e-01 6.016e-06
5.8500e-01 6.018e-06
5.8750e-01 6.021e-06
5.9000e-01 6.023e-06
5.9250e-01 6.026e-06
5.9500e-01 6.029e-06
5.9750e-01 6.032e-06
6.0000e-01 6.035e-06
6.0250e-01 6.038e-06
6.0500e-01 6.042e-06
6.0750e-01 6.045e-06
6.1000e-01 6.049e-06
6.1250e-01 6.053e-06
6.1500e-01 6.057e-06
6.1750e-01 6.062e-06
6.2000e-01 6.066e-06
6.2250e-01 6.071e-06
6.2500e-01 6.076e-06
6.2750e-01 6.081e-06
6.3000e-01 6.086e-06
6.3250e-01 6.091e-06
6.3500e-01 6.097e-06
6.3750e-01 6.102e-06
6.4000e-01 6.108e-06
6.4250e-01 6.114e-06
6.4500e-01 6.120e-06
6.4750e-01 6.127e-06
6.5000e-01 6.133e-06
6.5250e-01 6.140e-06
6.5500e-01 6.147e-06
6.5750e-01 6.154e-06
6.6000e-01 6.161e-06
6.6250e-01 6.168e-06
6.6500e-01 6.176e-06
6.6750e-01 6.183e-06
6.7000e-01 6.191e-06
6.7250e-01 6.199e-06
6.7500e-01 6.207e-06
6.7750e-01 6.216e-06
6.8000e-01 6.224e-06
6.8250e-01 6.233e-06
6.8500e-01 6.242e-06
6.8750e-01 6.251e-06
6.9000e-01 6.260e-06
6.9250e-01 6.270e-06
6.9500e-01 6.279e-06
6.9750e-01 6.289e-06
7.0000e-01 6.299e-06
7.0250e-01 6.309e-06
7.0500e-01 6.320e-06
7.0750e-01 6.330e-06
7.1000e-01 6.341e-06
7.1250e-01 6.352e-06
7.1500e-01 6.363e-06
7.1750e-01 6.374e-06
7.2000e-01 6.385e-06
7.2250e-01 6.397e-06
7.2500e-01 6.409e-06
7.2750e-01 6.421e-06
7.3000e-01 6.433e-06
7.3250e-01 6.445e-06
7.3500e-01 6.458e-06
7.3750e-01 6.471e-06
7.4000e-01 6.484e-06
7.4250e-01 6.497e-06
7.4500e-01 6.510e-06
7.4750e-01 6.524e-06
7.5000e-01 6.538e-06
7.5250e-01 6.552e-06
7.5500e-01 6.566e-06
7.5750e-01 6.580e-06
7.6000e-01 6.595e-06
7.6250e-01 6.609e-06
7.6500e-01 6.624e-06
7.6750e-01 6.640e-06
7.7000e-01 6.655e-06
7.7250e-01 6.671e-06
7.7500e-01 6.687e-06
7.7750e-01 6.703e-06
7.8000e-01 6.719e-06
7.8250e-01 6.735e-06
7.8500e-01 6.752e-06
7.8750e-01 6.769e-06
7.9000e-01 6.786e-06
7.9250e-01 6.804e-06
7.9500e-01 6.821e-06
7.9750e-01 6.839e-06
8.0000e-01 6.857e-06
8.0250e-01 6.875e-06
8.0500e-01 6.894e-06
8.0750e-01 6.913e-06
8.1000e-01 6.932e-06
8.1250e-01 6.951e-06
8.1500e-01 6.970e-06
8.1750e-01 6.990e-06
8.2000e-01 7.010e-06
8.2250e-01 7.030e-06
8.2500e-01 7.051e-06
8.2750e-01 7.071e-06
8.3000e-01 7.092e-06
8.3250e-01 7.114e-06
8.3500e-01 7.135e-06
8.3750e-01 7.157e-06
8.4000e-01 7.179e-06
8.4250e-01 7.201e-06
8.4500e-01 7.224e-06
8.4750e-01 7.246e-06
8.5000e-01 7.269e-06
8.5250e-01 7.293e-06
8.5500e-01 7.316e-06
8.5750e-01 7.340e-06
8.6000e-01 7.364e-06
8.6250e-01 7.389e-06
8.6500e-01 7.413e-06
8.6750e-01 7.438e-06
8.7000e-01 7.464e-06
8.7250e-01 7.489e-06
8.7500e-01 7.515e-06
8.7750e-01 7.541e-06
8.8000e-01 7.568e-06
8.8250e-01 7.594e-06
8.8500e-01 7.621e-06
8.8750e-01 7.649e-06
8.9000e-01 7.676e-06
8.9250e-01 7.704e-06
8.9500e-01 7.733e-06
8.9750e-01 7.761e-06
9.0000e-01 7.790e-06
9.0250e-01 7.819e-06
9.0500e-01 7.849e-06
9.0750e-01 7.879e-06
9.1000e-01 7.909e-06
9.1250e-01 7.940e-06
9.1500e-01 7.970e-06
9.1750e-01 8.002e-06
9.2000e-01 8.033e-06
9.2250e-01 8.065e-06
9.2500e-01 8.097e-06
9.2750e-01 8.130e-06
9.3000e-01 8.163e-06
9.3250e-01 8.196e-06
9.3500e-01 8.230e-06
9.3750e-01 8.264e-06
9.4000e-01 8.298e-06
9.4250e-01 8.333e-06
9.4500e-01 8.368e-06
9.4750e-01 8.403e-06
9.5000e-01 8.439e-06
9.5250e-01 8.475e-06
9.5500e-01 8.512e-06
9.5750e-01 8.549e-06
9.6000e-01 8.587e-06
9.6250e-01 8.624e-06
9.6500e-01 8.663e-06
9.6750e-01 8.701e-06
9.7000e-01 8.740e-06
9.7250e-01 8.780e-06
9.7500e-01 8.819e-06
9.7750e-01 8.860e-06
9.8000e-01 8.900e-06
9.8250e-01 8.941e-06
9.8500e-01 8.983e-06
9.8750e-01 9.025e-06
9.9000e-01 9.067e-06
9.9250e-01 9.110e-06
9.9500e-01 9.153e-06
9.9750e-01 9.197e-06
1.0000e+00 9.241e-06
1.0025e+00 9.286e-06
1.0050e+00 9.331e-06
1.0075e+00 9.377e-06
1.0100e+00 9.423e-06
1.0125e+00 9.469e-06
1.0150e+00 9.516e-06
1.0175e+00 9.564e-06
1.0200e+00 9.612e-06
1.0225e+00 9.660e-06
1.0250e+00 9.709e-06
1.0275e+00 9.759e-06
1.0300e+00 9.809e-06
1.0325e+00 9.859e-06
1.0350e+00 9.910e-06
1.0375e+00 9.962e-06
1.0400e+00 1.001e-05
1.0425e+00 1.007e-05
1.0450e+00 1.012e-05
1.0475e+00 1.017e-05
1.0500e+00 1.023e-05
1.0525e+00 1.028e-05
1.0550e+00 1.034e-05
1.0575e+00 1.039e-05
1.0600e+00 1.045e-05
1.0625e+00 1.051e-05
1.0650e+00 1.056e-05
1.0675e+00 1.062e-05
1.0700e+00 1.068e-05
1.0725e+00 1.074e-05
1.0750e+00 1.080e-05
1.0775e+00 1.086e-05
1.0800e+00 1.092e-05
1.0825e+00 1.098e-05
1.0850e+00 1.105e-05
1.0875e+00 1.111e-05
1.0900e+00 1.117e-05
1.0925e+00 1.124e-05
1.0950e+00 1.130e-05
1.0975e+00 1.137e-05
1.1000e+00 1.143e-05
1.1025e+00 1.150e-05
1.1050e+00 1.157e-05
1.1075e+00 1.164e-05
1.1100e+00 1.171e-05
1.1125e+00 1.177e-05
1.1150e+00 1.185e-05
1.1175e+00 1.192e-05
1.1200e+00 1.199e-05
1.1225e+00 1.206e-05
1.1250e+00 1.213e-05
1.1275e+00 1.221e-05
1.1300e+00 1.228e-05
1.1325e+00 1.236e-05
1.1350e+00 1.243e-05
1.1375e+00 1.251e-05
1.1400e+00 1.259e-05
1.1425e+00 1.267e-05
1.1450e+00 1.275e-05
1.1475e+00 1.283e-05
1.1500e+00 1.291e-05
1.1525e+00 1.299e-05
1.1550e+00 1.307e-05
1.1575e+00 1.315e-05
1.1600e+00 1.324e-05
1.1625e+00 1.332e-05
1.1650e+00 1.341e-05
1.1675e+00 1.349e-05
1.1700e+00 1.358e-05
1.1725e+00 1.367e-05
1.1750e+00 1.376e-05
1.1775e+00 1.385e-05
1.1800e+00 1.394e-05
1.1825e+00 1.403e-05
1.1850e+00 1.413e-05
1.1875e+00 1.422e-05
1.1900e+00 1.431e-05
1.1925e+00 1.441e-05
1.1950e+00 1.451e-05
1.1975e+00 1.460e-05
1.2000e+00 1.470e-05
