0.0000e+00 -2.509e-38
2.5000e-03 3.165e-06
5.0000e-03 6.328e-06
7.5000e-03 9.488e-06
1.0000e-02 1.264e-05
1.2500e-02 1.580e-05
1.5000e-02 1.895e-05
1.7500e-02 2.209e-05
2.0000e-02 2.523e-05
2.2500e-02 2.837e-05
2.5000e-02 3.150e-05
2.7500e-02 3.462e-05
3.0000e-02 3.774e-05
3.2500e-02 4.086e-05
3.5000e-02 4.396e-05
3.7500e-02 4.706e-05
4.0000e-02 5.015e-05
4.2500e-02 5.323e-05
4.5000e-02 5.630e-05
4.7500e-02 5.936e-05
5.0000e-02 6.241e-05
5.2500e-02 6.545e-05
5.5000e-02 6.848e-05
5.7500e-02 7.149e-05
6.0000e-02 7.448e-05
6.2500e-02 7.746e-05
6.5000e-02 8.043e-05
6.7500e-02 8.337e-05
7.0000e-02 8.629e-05
7.2500e-02 8.918e-05
7.5000e-02 9.205e-05
7.7500e-02 9.489e-05
8.0000e-02 9.769e-05
8.2500e-02 1.005e-04
8.5000e-02 1.032e-04
8.7500e-02 1.058e-04
9.0000e-02 1.085e-04
9.2500e-02 1.110e-04
9.5000e-02 1.135e-04
9.7500e-02 1.158e-04
1.0000e-01 1.181e-04
1.0250e-01 1.202e-04
1.0500e-01 1.222e-04
1.0750e-01 1.239e-04
1.1000e-01 1.253e-04
1.1250e-01 1.264e-04
1.1500e-01 1.271e-04
1.1750e-01 1.270e-04
1.2000e-01 1.261e-04
1.2250e-01 1.239e-04
1.2500e-01 1.199e-04
1.2750e-01 1.133e-04
1.3000e-01 1.035e-04
1.3250e-01 9.033e-05
1.3500e-01 7.565e-05
1.3750e-01 6.204e-05
1.4000e-01 5.105e-05
1.4250e-01 4.274e-05
1.4500e-01 3.653e-05
1.4750e-01 3.183e-05
1.5000e-01 2.821e-05
1.5250e-01 2.536e-05
1.5500e-01 2.307e-05
1.5750e-01 2.119e-05
1.6000e-01 1.963e-05
1.6250e-01 1.831e-05
1.6500e-01 1.719e-05
1.6750e-01 1.622e-05
1.7000e-01 1.538e-05
1.7250e-01 1.463e-05
1.7500e-01 1.398e-05
1.7750e-01 1.339e-05
1.8000e-01 1.287e-05
1.8250e-01 1.239e-05
1.8500e-01 1.196e-05
1.8750e-01 1.157e-05
1.9000e-01 1.122e-05
1.9250e-01 1.089e-05
1.9500e-01 1.059e-05
1.9750e-01 1.031e-05
2.0000e-01 1.005e-05
2.0250e-01 9.813e-06
2.0500e-01 9.590e-06
2.0750e-01 9.382e-06
2.1000e-01 9.188e-06
2.1250e-01 9.005e-06
2.1500e-01 8.834e-06
2.1750e-01 8.673e-06
2.2000e-01 8.521e-06
2.2250e-01 8.378e-06
2.2500e-01 8.242e-06
2.2750e-01 8.114e-06
2.3000e-01 7.992e-06
2.3250e-01 7.876e-06
2.3500e-01 7.766e-06
2.3750e-01 7.662e-06
2.4000e-01 7.562e-06
2.4250e-01 7.467e-06
2.4500e-01 7.376e-06
2.4750e-01 7.289e-06
2.5000e-01 7.206e-06
2.5250e-01 7.127e-06
2.5500e-01 7.050e-06
2.5750e-01 6.977e-06
2.6000e-01 6.907e-06
2.6250e-01 6.840e-06
2.6500e-01 6.775e-06
2.6750e-01 6.713e-06
2.7000e-01 6.653e-06
2.7250e-01 6.595e-06
2.7500e-01 6.540e-06
2.7750e-01 6.486e-06
2.8000e-01 6.434e-06
2.8250e-01 6.385e-06
2.8500e-01 6.336e-06
2.8750e-01 6.290e-06
2.9000e-01 6.245e-06
2.9250e-01 6.201e-06
2.9500e-01 6.159e-06
2.9750e-01 6.119e-06
3.0000e-01 6.079e-06
3.0250e-01 6.041e-06
3.0500e-01 6.004e-06
3.0750e-01 5.968e-06
3.1000e-01 5.933e-06
3.1250e-01 5.900e-06
3.1500e-01 5.867e-06
3.1750e-01 5.835e-06
3.2000e-01 5.805e-06
3.2250e-01 5.775e-06
3.2500e-01 5.746e-06
3.2750e-01 5.718e-06
3.3000e-01 5.690e-06
3.3250e-01 5.664e-06
3.3500e-01 5.638e-06
3.3750e-01 5.613e-06
3.4000e-01 5.588e-06
3.4250e-01 5.564e-06
3.4500e-01 5.541e-06
3.4750e-01 5.519e-06
3.5000e-01 5.497e-06
3.5250e-01 5.476e-06
3.5500e-01 5.455e-06
3.5750e-01 5.435e-06
3.6000e-01 5.415e-06
3.6250e-01 5.396e-06
3.6500e-01 5.377e-06
3.6750e-01 5.359e-06
3.7000e-01 5.342e-06
3.7250e-01 5.324e-06
3.7500e-01 5.308e-06
3.7750e-01 5.291e-06
3.8000e-01 5.275e-06
3.8250e-01 5.260e-06
3.8500e-01 5.245e-06
3.8750e-01 5.230e-06
3.9000e-01 5.216e-06
3.9250e-01 5.202e-06
3.9500e-01 5.189e-06
3.9750e-01 5.175e-06
4.0000e-01 5.163e-06
4.0250e-01 5.150e-06
4.0500e-01 5.138e-06
4.0750e-01 5.126e-06
4.1000e-01 5.115e-06
4.1250e-01 5.103e-06
4.1500e-01 5.093e-06
4.1750e-01 5.082e-06
4.2000e-01 5.072e-06
4.2250e-01 5.062e-06
4.2500e-01 5.052e-06
4.2750e-01 5.042e-06
4.3000e-01 5.033e-06
4.3250e-01 5.024e-06
4.3500e-01 5.015e-06
4.3750e-01 5.007e-06
4.4000e-01 4.999e-06
4.4250e-01 4.991e-06
4.4500e-01 4.983e-06
4.4750e-01 4.976e-06
4.5000e-01 4.968e-06
4.5250e-01 4.961e-06
4.5500e-01 4.954e-06
4.5750e-01 4.948e-06
4.6000e-01 4.941e-06
4.6250e-01 4.935e-06
4.6500e-01 4.929e-06
4.6750e-01 4.923e-06
4.7000e-01 4.918e-06
4.7250e-01 4.913e-06
4.7500e-01 4.907e-06
4.7750e-01 4.902e-06
4.8000e-01 4.898e-06
4.8250e-01 4.893e-06
4.8500e-01 4.889e-06
4.8750e-01 4.884e-06
4.9000e-01 4.880e-06
4.9250e-01 4.876e-06
4.9500e-01 4.873e-06
4.9750e-01 4.869e-06
5.0000e-01 4.866e-06
5.0250e-01 4.863e-06
5.0500e-01 4.860e-06
5.0750e-01 4.857e-06
5.1000e-01 4.854e-06
5.1250e-01 4.852e-06
5.1500e-01 4.849e-06
5.1750e-01 4.847e-06
5.2000e-01 4.845e-06
5.2250e-01 4.843e-06
5.2500e-01 4.841e-06
5.2750e-01 4.840e-06
5.3000e-01 4.838e-06
5.3250e-01 4.837e-06
5.3500e-01 4.836e-06
5.3750e-01 4.835e-06
5.4000e-01 4.834e-06
5.4250e-01 4.834e-06
5.4500e-01 4.833e-06
5.4750e-01 4.833e-06
5.5000e-01 4.832e-06
5.5250e-01 4.832e-06
5.5500e-01 4.832e-06
5.5750e-01 4.833e-06
5.6000e-01 4.833e-06
5.6250e-01 4.833e-06
5.6500e-01 4.834e-06
5.6750e-01 4.835e-06
5.7000e-01 4.836e-06
5.7250e-01 4.837e-06
5.7500e-01 4.838e-06
5.7750e-01 4.839e-06
5.8000e-01 4.841e-06
5.8250e-01 4.842e-06
5.8500e-01 4.844e-06
5.8750e-01 4.846e-06
5.9000e-01 4.848e-06
5.9250e-01 4.850e-06
5.9500e-01 4.852e-06
5.9750e-01 4.855e-06
6.0000e-01 4.857e-06
6.0250e-01 4.860e-06
6.0500e-01 4.863e-06
6.0750e-01 4.866e-06
6.1000e-01 4.869e-06
6.1250e-01 4.872e-06
6.1500e-01 4.875e-06
6.1750e-01 4.879e-06
6.2000e-01 4.882e-06
6.2250e-01 4.886e-06
6.2500e-01 4.890e-06
6.2750e-01 4.894e-06
6.3000e-01 4.898e-06
6.3250e-01 4.903e-06
6.3500e-01 4.907e-06
6.3750e-01 4.912e-06
6.4000e-01 4.916e-06
6.4250e-01 4.921e-06
6.4500e-01 4.926e-06
6.4750e-01 4.931e-06
6.5000e-01 4.936e-06
6.5250e-01 4.942e-06
6.5500e-01 4.947e-06
6.5750e-01 4.953e-06
6.6000e-01 4.959e-06
6.6250e-01 4.965e-06
6.6500e-01 4.971e-06
6.6750e-01 4.977e-06
6.7000e-01 4.983e-06
6.7250e-01 4.990e-06
6.7500e-01 4.996e-06
6.7750e-01 5.003e-06
6.8000e-01 5.010e-06
6.8250e-01 5.017e-06
6.8500e-01 5.024e-06
6.8750e-01 5.031e-06
6.9000e-01 5.039e-06
6.9250e-01 5.046e-06
6.9500e-01 5.054e-06
6.9750e-01 5.062e-06
7.0000e-01 5.070e-06
7.0250e-01 5.078e-06
7.0500e-01 5.086e-06
7.0750e-01 5.095e-06
7.1000e-01 5.104e-06
7.1250e-01 5.112e-06
7.1500e-01 5.121e-06
7.1750e-01 5.130e-06
7.2000e-01 5.139e-06
7.2250e-01 5.149e-06
7.2500e-01 5.158e-06
7.2750e-01 5.168e-06
7.3000e-01 5.178e-06
7.3250e-01 5.188e-06
7.3500e-01 5.198e-06
7.3750e-01 5.208e-06
7.4000e-01 5.219e-06
7.4250e-01 5.229e-06
7.4500e-01 5.240e-06
7.4750e-01 5.251e-06
7.5000e-01 5.262e-06
7.5250e-01 5.273e-06
7.5500e-01 5.285e-06
7.5750e-01 5.296e-06
7.6000e-01 5.308e-06
7.6250e-01 5.320e-06
7.6500e-01 5.332e-06
7.6750e-01 5.344e-06
7.7000e-01 5.357e-06
7.7250e-01 5.369e-06
7.7500e-01 5.382e-06
7.7750e-01 5.395e-06
7.8000e-01 5.408e-06
7.8250e-01 5.421e-06
7.8500e-01 5.435e-06
7.8750e-01 5.448e-06
7.9000e-01 5.462e-06
7.9250e-01 5.476e-06
7.9500e-01 5.490e-06
7.9750e-01 5.505e-06
8.0000e-01 5.519e-06
8.0250e-01 5.534e-06
8.0500e-01 5.549e-06
8.0750e-01 5.564e-06
8.1000e-01 5.579e-06
8.1250e-01 5.595e-06
8.1500e-01 5.610e-06
8.1750e-01 5.626e-06
8.2000e-01 5.642e-06
8.2250e-01 5.659e-06
8.2500e-01 5.675e-06
8.2750e-01 5.692e-06
8.3000e-01 5.709e-06
8.3250e-01 5.726e-06
8.3500e-01 5.743e-06
8.3750e-01 5.760e-06
8.4000e-01 5.778e-06
8.4250e-01 5.796e-06
8.4500e-01 5.814e-06
8.4750e-01 5.832e-06
8.5000e-01 5.851e-06
8.5250e-01 5.870e-06
8.5500e-01 5.889e-06
8.5750e-01 5.908e-06
8.6000e-01 5.927e-06
8.6250e-01 5.947e-06
8.6500e-01 5.967e-06
8.6750e-01 5.987e-06
8.7000e-01 6.007e-06
8.7250e-01 6.028e-06
8.7500e-01 6.049e-06
8.7750e-01 6.070e-06
8.8000e-01 6.091e-06
8.8250e-01 6.113e-06
8.8500e-01 6.134e-06
8.8750e-01 6.156e-06
8.9000e-01 6.179e-06
8.9250e-01 6.201e-06
8.9500e-01 6.224e-06
8.9750e-01 6.247e-06
9.0000e-01 6.270e-06
9.0250e-01 6.294e-06
9.0500e-01 6.317e-06
9.0750e-01 6.341e-06
9.1000e-01 6.366e-06
9.1250e-01 6.390e-06
9.1500e-01 6.415e-06
9.1750e-01 6.440e-06
9.2000e-01 6.466e-06
9.2250e-01 6.491e-06
9.2500e-01 6.517e-06
9.2750e-01 6.544e-06
9.3000e-01 6.570e-06
9.3250e-01 6.597e-06
9.3500e-01 6.624e-06
9.3750e-01 6.651e-06
9.4000e-01 6.679e-06
9.4250e-01 6.707e-06
9.4500e-01 6.735e-06
9.4750e-01 6.764e-06
9.5000e-01 6.793e-06
9.5250e-01 6.822e-06
9.5500e-01 6.851e-06
9.5750e-01 6.881e-06
9.6000e-01 6.911e-06
9.6250e-01 6.942e-06
9.6500e-01 6.972e-06
9.6750e-01 7.003e-06
9.7000e-01 7.035e-06
9.7250e-01 7.067e-06
9.7500e-01 7.099e-06
9.7750e-01 7.131e-06
9.8000e-01 7.164e-06
9.8250e-01 7.197e-06
9.8500e-01 7.230e-06
9.8750e-01 7.264e-06
9.9000e-01 7.298e-06
9.9250e-01 7.333e-06
9.9500e-01 7.367e-06
9.9750e-01 7.403e-06
1.0000e+00 7.438e-06
1.0025e+00 7.474e-06
1.0050e+00 7.510e-06
1.0075e+00 7.547e-06
1.0100e+00 7.584e-06
1.0125e+00 7.622e-06
1.0150e+00 7.659e-06
1.0175e+00 7.698e-06
1.0200e+00 7.736e-06
1.0225e+00 7.775e-06
1.0250e+00 7.815e-06
1.0275e+00 7.855e-06
1.0300e+00 7.895e-06
1.0325e+00 7.935e-06
1.0350e+00 7.976e-06
1.0375e+00 8.018e-06
1.0400e+00 8.060e-06
1.0425e+00 8.102e-06
1.0450e+00 8.145e-06
1.0475e+00 8.188e-06
1.0500e+00 8.232e-06
1.0525e+00 8.276e-06
1.0550e+00 8.320e-06
1.0575e+00 8.365e-06
1.0600e+00 8.411e-06
1.0625e+00 8.456e-06
1.0650e+00 8.503e-06
1.0675e+00 8.550e-06
1.0700e+00 8.597e-06
1.0725e+00 8.645e-06
1.0750e+00 8.693e-06
1.0775e+00 8.742e-06
1.0800e+00 8.791e-06
1.0825e+00 8.840e-06
1.0850e+00 8.891e-06
1.0875e+00 8.941e-06
1.0900e+00 8.993e-06
1.0925e+00 9.044e-06
1.0950e+00 9.097e-06
1.0975e+00 9.149e-06
1.1000e+00 9.203e-06
1.1025e+00 9.257e-06
1.1050e+00 9.311e-06
1.1075e+00 9.366e-06
1.1100e+00 9.421e-06
1.1125e+00 9.477e-06
1.1150e+00 9.534e-06
1.1175e+00 9.591e-06
1.1200e+00 9.649e-06
1.1225e+00 9.707e-06
1.1250e+00 9.766e-06
1.1275e+00 9.826e-06
1.1300e+00 9.886e-06
1.1325e+00 9.946e-06
1.1350e+00 1.001e-05
1.1375e+00 1.007e-05
1.1400e+00 1.013e-05
1.1425e+00 1.020e-05
1.1450e+00 1.026e-05
1.1475e+00 1.032e-05
1.1500e+00 1.039e-05
1.1525e+00 1.045e-05
1.1550e+00 1.052e-05
1.1575e+00 1.059e-05
1.1600e+00 1.065e-05
1.1625e+00 1.072e-05
1.1650e+00 1.079e-05
1.1675e+00 1.086e-05
1.1700e+00 1.093e-05
1.1725e+00 1.100e-05
1.1750e+00 1.107e-05
1.1775e+00 1.115e-05
1.1800e+00 1.122e-05
1.1825e+00 1.129e-05
1.1850e+00 1.137e-05
1.1875e+00 1.144e-05
1.1900e+00 1.152e-05
1.1925e+00 1.160e-05
1.1950e+00 1.168e-05
1.1975e+00 1.175e-05
1.2000e+00 1.183e-05
