0.0000e+00 -1.674e-40
2.5000e-03 5.960e-07
5.0000e-03 1.192e-06
7.5000e-03 1.788e-06
1.0000e-02 2.384e-06
1.2500e-02 2.981e-06
1.5000e-02 3.579e-06
1.7500e-02 4.179e-06
2.0000e-02 4.779e-06
2.2500e-02 5.382e-06
2.5000e-02 5.986e-06
2.7500e-02 6.593e-06
3.0000e-02 7.202e-06
3.2500e-02 7.813e-06
3.5000e-02 8.428e-06
3.7500e-02 9.045e-06
4.0000e-02 9.666e-06
4.2500e-02 1.029e-05
4.5000e-02 1.092e-05
4.7500e-02 1.155e-05
5.0000e-02 1.218e-05
5.2500e-02 1.282e-05
5.5000e-02 1.346e-05
5.7500e-02 1.411e-05
6.0000e-02 1.476e-05
6.2500e-02 1.541e-05
6.5000e-02 1.607e-05
6.7500e-02 1.673e-05
7.0000e-02 1.739e-05
7.2500e-02 1.806e-05
7.5000e-02 1.873e-05
7.7500e-02 1.941e-05
8.0000e-02 2.008e-05
8.2500e-02 2.076e-05
8.5000e-02 2.144e-05
8.7500e-02 2.212e-05
9.0000e-02 2.281e-05
9.2500e-02 2.349e-05
9.5000e-02 2.417e-05
9.7500e-02 2.486e-05
1.0000e-01 2.554e-05
1.0250e-01 2.621e-05
1.0500e-01 2.689e-05
1.0750e-01 2.755e-05
1.1000e-01 2.821e-05
1.1250e-01 2.886e-05
1.1500e-01 2.950e-05
1.1750e-01 3.012e-05
1.2000e-01 3.072e-05
1.2250e-01 3.129e-05
1.2500e-01 3.184e-05
1.2750e-01 3.235e-05
1.3000e-01 3.281e-05
1.3250e-01 3.321e-05
1.3500e-01 3.354e-05
1.3750e-01 3.378e-05
1.4000e-01 3.389e-05
1.4250e-01 3.385e-05
1.4500e-01 3.361e-05
1.4750e-01 3.311e-05
1.5000e-01 3.227e-05
1.5250e-01 3.100e-05
1.5500e-01 2.925e-05
1.5750e-01 2.700e-05
1.6000e-01 2.437e-05
1.6250e-01 2.159e-05
1.6500e-01 1.892e-05
1.6750e-01 1.656e-05
1.7000e-01 1.457e-05
1.7250e-01 1.293e-05
1.7500e-01 1.159e-05
1.7750e-01 1.049e-05
1.8000e-01 9.587e-06
1.8250e-01 8.833e-06
1.8500e-01 8.199e-06
1.8750e-01 7.661e-06
1.9000e-01 7.198e-06
1.9250e-01 6.798e-06
1.9500e-01 6.449e-06
1.9750e-01 6.142e-06
2.0000e-01 5.870e-06
2.0250e-01 5.628e-06
2.0500e-01 5.412e-06
2.0750e-01 5.216e-06
2.1000e-01 5.040e-06
2.1250e-01 4.880e-06
2.1500e-01 4.733e-06
2.1750e-01 4.599e-06
2.2000e-01 4.477e-06
2.2250e-01 4.363e-06
2.2500e-01 4.259e-06
2.2750e-01 4.162e-06
2.3000e-01 4.072e-06
2.3250e-01 3.988e-06
2.3500e-01 3.910e-06
2.3750e-01 3.837e-06
2.4000e-01 3.769e-06
2.4250e-01 3.705e-06
2.4500e-01 3.645e-06
2.4750e-01 3.588e-06
2.5000e-01 3.535e-06
2.5250e-01 3.485e-06
2.5500e-01 3.437e-06
2.5750e-01 3.392e-06
2.6000e-01 3.350e-06
2.6250e-01 3.310e-06
2.6500e-01 3.272e-06
2.6750e-01 3.236e-06
2.7000e-01 3.201e-06
2.7250e-01 3.169e-06
2.7500e-01 3.138e-06
2.7750e-01 3.109e-06
2.8000e-01 3.081e-06
2.8250e-01 3.054e-06
2.8500e-01 3.029e-06
2.8750e-01 3.005e-06
2.9000e-01 2.982e-06
2.9250e-01 2.961e-06
2.9500e-01 2.940e-06
2.9750e-01 2.921e-06
3.0000e-01 2.902e-06
3.0250e-01 2.885e-06
3.0500e-01 2.868e-06
3.0750e-01 2.852e-06
3.1000e-01 2.837e-06
3.1250e-01 2.823e-06
3.1500e-01 2.810e-06
3.1750e-01 2.798e-06
3.2000e-01 2.786e-06
3.2250e-01 2.775e-06
3.2500e-01 2.765e-06
3.2750e-01 2.756e-06
3.3000e-01 2.747e-06
3.3250e-01 2.739e-06
3.3500e-01 2.732e-06
3.3750e-01 2.725e-06
3.4000e-01 2.719e-06
3.4250e-01 2.714e-06
3.4500e-01 2.710e-06
3.4750e-01 2.706e-06
3.5000e-01 2.703e-06
3.5250e-01 2.701e-06
3.5500e-01 2.699e-06
3.5750e-01 2.698e-06
3.6000e-01 2.698e-06
3.6250e-01 2.698e-06
3.6500e-01 2.699e-06
3.6750e-01 2.701e-06
3.7000e-01 2.704e-06
3.7250e-01 2.708e-06
3.7500e-01 2.712e-06
3.7750e-01 2.717e-06
3.8000e-01 2.723e-06
3.8250e-01 2.730e-06
3.8500e-01 2.737e-06
3.8750e-01 2.746e-06
3.9000e-01 2.755e-06
3.9250e-01 2.766e-06
3.9500e-01 2.777e-06
3.9750e-01 2.789e-06
4.0000e-01 2.802e-06
4.0250e-01 2.817e-06
4.0500e-01 2.832e-06
4.0750e-01 2.849e-06
4.1000e-01 2.866e-06
4.1250e-01 2.885e-06
4.1500e-01 2.906e-06
4.1750e-01 2.927e-06
4.2000e-01 2.950e-06
4.2250e-01 2.974e-06
4.2500e-01 2.999e-06
4.2750e-01 3.026e-06
4.3000e-01 3.055e-06
4.3250e-01 3.085e-06
4.3500e-01 3.117e-06
4.3750e-01 3.151e-06
4.4000e-01 3.186e-06
4.4250e-01 3.223e-06
4.4500e-01 3.262e-06
4.4750e-01 3.304e-06
4.5000e-01 3.347e-06
4.5250e-01 3.392e-06
4.5500e-01 3.440e-06
4.5750e-01 3.490e-06
4.6000e-01 3.542e-06
4.6250e-01 3.598e-06
4.6500e-01 3.655e-06
4.6750e-01 3.716e-06
4.7000e-01 3.779e-06
4.7250e-01 3.845e-06
4.7500e-01 3.915e-06
4.7750e-01 3.988e-06
4.8000e-01 4.064e-06
4.8250e-01 4.143e-06
4.8500e-01 4.227e-06
4.8750e-01 4.314e-06
4.9000e-01 4.405e-06
4.9250e-01 4.500e-06
4.9500e-01 4.600e-06
4.9750e-01 4.704e-06
5.0000e-01 4.813e-06
5.0250e-01 4.927e-06
5.0500e-01 5.046e-06
5.0750e-01 5.170e-06
5.1000e-01 5.300e-06
5.1250e-01 5.435e-06
5.1500e-01 5.577e-06
5.1750e-01 5.725e-06
5.2000e-01 5.879e-06
5.2250e-01 6.041e-06
5.2500e-01 6.209e-06
5.2750e-01 6.386e-06
5.3000e-01 6.569e-06
5.3250e-01 6.761e-06
5.3500e-01 6.962e-06
5.3750e-01 7.171e-06
5.4000e-01 7.389e-06
5.4250e-01 7.617e-06
5.4500e-01 7.855e-06
5.4750e-01 8.104e-06
5.5000e-01 8.363e-06
5.5250e-01 8.634e-06
5.5500e-01 8.916e-06
5.5750e-01 9.211e-06
5.6000e-01 9.519e-06
5.6250e-01 9.840e-06
5.6500e-01 1.018e-05
5.6750e-01 1.053e-05
5.7000e-01 1.089e-05
5.7250e-01 1.127e-05
5.7500e-01 1.167e-05
5.7750e-01 1.208e-05
5.8000e-01 1.252e-05
5.8250e-01 1.297e-05
5.8500e-01 1.344e-05
5.8750e-01 1.393e-05
5.9000e-01 1.444e-05
5.9250e-01 1.498e-05
5.9500e-01 1.554e-05
5.9750e-01 1.612e-05
6.0000e-01 1.673e-05
6.0250e-01 1.736e-05
6.0500e-01 1.803e-05
6.0750e-01 1.872e-05
6.1000e-01 1.944e-05
6.1250e-01 2.019e-05
6.1500e-01 2.097e-05
6.1750e-01 2.179e-05
6.2000e-01 2.265e-05
6.2250e-01 2.354e-05
6.2500e-01 2.447e-05
6.2750e-01 2.544e-05
6.3000e-01 2.645e-05
6.3250e-01 2.750e-05
6.3500e-01 2.860e-05
6.3750e-01 2.975e-05
6.4000e-01 3.095e-05
6.4250e-01 3.220e-05
6.4500e-01 3.351e-05
6.4750e-01 3.487e-05
6.5000e-01 3.628e-05
6.5250e-01 3.776e-05
6.5500e-01 3.931e-05
6.5750e-01 4.092e-05
6.6000e-01 4.260e-05
6.6250e-01 4.435e-05
6.6500e-01 4.618e-05
6.6750e-01 4.809e-05
6.7000e-01 5.008e-05
6.7250e-01 5.216e-05
6.7500e-01 5.432e-05
6.7750e-01 5.658e-05
6.8000e-01 5.894e-05
6.8250e-01 6.140e-05
6.8500e-01 6.396e-05
6.8750e-01 6.663e-05
6.9000e-01 6.942e-05
6.9250e-01 7.233e-05
6.9500e-01 7.537e-05
6.9750e-01 7.854e-05
7.0000e-01 8.184e-05
7.0250e-01 8.528e-05
7.0500e-01 8.888e-05
7.0750e-01 9.263e-05
7.1000e-01 9.654e-05
7.1250e-01 1.006e-04
7.1500e-01 1.049e-04
7.1750e-01 1.093e-04
7.2000e-01 1.139e-04
7.2250e-01 1.188e-04
7.2500e-01 1.238e-04
7.2750e-01 1.290e-04
7.3000e-01 1.345e-04
7.3250e-01 1.402e-04
7.3500e-01 1.462e-04
7.3750e-01 1.524e-04
7.4000e-01 1.589e-04
7.4250e-01 1.656e-04
7.4500e-01 1.727e-04
7.4750e-01 1.801e-04
7.5000e-01 1.877e-04
7.5250e-01 1.957e-04
7.5500e-01 2.041e-04
7.5750e-01 2.128e-04
7.6000e-01 2.218e-04
7.6250e-01 2.313e-04
7.6500e-01 2.412e-04
7.6750e-01 2.514e-04
7.7000e-01 2.622e-04
7.7250e-01 2.734e-04
7.7500e-01 2.850e-04
7.7750e-01 2.972e-04
7.8000e-01 3.099e-04
7.8250e-01 3.231e-04
7.8500e-01 3.369e-04
7.8750e-01 3.513e-04
7.9000e-01 3.663e-04
7.9250e-01 3.819e-04
7.9500e-01 3.982e-04
7.9750e-01 4.152e-04
8.0000e-01 4.329e-04
8.0250e-01 4.514e-04
8.0500e-01 4.706e-04
8.0750e-01 4.907e-04
8.1000e-01 5.117e-04
8.1250e-01 5.335e-04
8.1500e-01 5.562e-04
8.1750e-01 5.799e-04
8.2000e-01 6.046e-04
8.2250e-01 6.304e-04
8.2500e-01 6.572e-04
8.2750e-01 6.852e-04
8.3000e-01 7.144e-04
8.3250e-01 7.447e-04
8.3500e-01 7.764e-04
8.3750e-01 8.094e-04
8.4000e-01 8.438e-04
8.4250e-01 8.796e-04
8.4500e-01 9.169e-04
8.4750e-01 9.558e-04
8.5000e-01 9.963e-04
8.5250e-01 1.039e-03
8.5500e-01 1.082e-03
8.5750e-01 1.128e-03
8.6000e-01 1.176e-03
8.6250e-01 1.226e-03
8.6500e-01 1.277e-03
8.6750e-01 1.331e-03
8.7000e-01 1.387e-03
8.7250e-01 1.446e-03
8.7500e-01 1.507e-03
8.7750e-01 1.570e-03
8.8000e-01 1.636e-03
8.8250e-01 1.704e-03
8.8500e-01 1.776e-03
8.8750e-01 1.850e-03
8.9000e-01 1.927e-03
8.9250e-01 2.008e-03
8.9500e-01 2.091e-03
8.9750e-01 2.178e-03
9.0000e-01 2.269e-03
9.0250e-01 2.363e-03
9.0500e-01 2.461e-03
9.0750e-01 2.563e-03
9.1000e-01 2.668e-03
9.1250e-01 2.778e-03
9.1500e-01 2.893e-03
9.1750e-01 3.012e-03
9.2000e-01 3.135e-03
9.2250e-01 3.263e-03
9.2500e-01 3.396e-03
9.2750e-01 3.535e-03
9.3000e-01 3.678e-03
9.3250e-01 3.827e-03
9.3500e-01 3.982e-03
9.3750e-01 4.143e-03
9.4000e-01 4.309e-03
9.4250e-01 4.482e-03
9.4500e-01 4.662e-03
9.4750e-01 4.848e-03
9.5000e-01 5.040e-03
9.5250e-01 5.240e-03
9.5500e-01 5.447e-03
9.5750e-01 5.662e-03
9.6000e-01 5.884e-03
9.6250e-01 6.114e-03
9.6500e-01 6.353e-03
9.6750e-01 6.599e-03
9.7000e-01 6.855e-03
9.7250e-01 7.119e-03
9.7500e-01 7.392e-03
9.7750e-01 7.674e-03
9.8000e-01 7.966e-03
9.8250e-01 8.268e-03
9.8500e-01 8.579e-03
9.8750e-01 8.901e-03
9.9000e-01 9.233e-03
9.9250e-01 9.576e-03
9.9500e-01 9.930e-03
9.9750e-01 1.030e-02
1.0000e+00 1.067e-02
1.0025e+00 1.106e-02
1.0050e+00 1.146e-02
1.0075e+00 1.187e-02
1.0100e+00 1.230e-02
1.0125e+00 1.273e-02
1.0150e+00 1.318e-02
1.0175e+00 1.364e-02
1.0200e+00 1.412e-02
1.0225e+00 1.461e-02
1.0250e+00 1.511e-02
1.0275e+00 1.562e-02
1.0300e+00 1.615e-02
1.0325e+00 1.670e-02
1.0350e+00 1.725e-02
1.0375e+00 1.783e-02
1.0400e+00 1.841e-02
1.0425e+00 1.901e-02
1.0450e+00 1.963e-02
1.0475e+00 2.026e-02
1.0500e+00 2.090e-02
1.0525e+00 2.156e-02
1.0550e+00 2.224e-02
1.0575e+00 2.293e-02
1.0600e+00 2.364e-02
1.0625e+00 2.436e-02
1.0650e+00 2.510e-02
1.0675e+00 2.585e-02
1.0700e+00 2.662e-02
1.0725e+00 2.740e-02
1.0750e+00 2.820e-02
1.0775e+00 2.902e-02
1.0800e+00 2.985e-02
1.0825e+00 3.069e-02
1.0850e+00 3.155e-02
1.0875e+00 3.243e-02
1.0900e+00 3.332e-02
1.0925e+00 3.423e-02
1.0950e+00 3.516e-02
1.0975e+00 3.610e-02
1.1000e+00 3.705e-02
1.1025e+00 3.802e-02
1.1050e+00 3.901e-02
1.1075e+00 4.001e-02
1.1100e+00 4.103e-02
1.1125e+00 4.206e-02
1.1150e+00 4.311e-02
1.1175e+00 4.417e-02
1.1200e+00 4.524e-02
1.1225e+00 4.633e-02
1.1250e+00 4.744e-02
1.1275e+00 4.856e-02
1.1300e+00 4.969e-02
1.1325e+00 5.084e-02
1.1350e+00 5.201e-02
1.1375e+00 5.318e-02
1.1400e+00 5.437e-02
1.1425e+00 5.558e-02
1.1450e+00 5.680e-02
1.1475e+00 5.803e-02
1.1500e+00 5.927e-02
1.1525e+00 6.053e-02
1.1550e+00 6.180e-02
1.1575e+00 6.308e-02
1.1600e+00 6.438e-02
1.1625e+00 6.569e-02
1.1650e+00 6.701e-02
1.1675e+00 6.835e-02
1.1700e+00 6.969e-02
1.1725e+00 7.105e-02
1.1750e+00 7.242e-02
1.1775e+00 7.380e-02
1.1800e+00 7.520e-02
1.1825e+00 7.660e-02
1.1850e+00 7.802e-02
1.1875e+00 7.945e-02
1.1900e+00 8.089e-02
1.1925e+00 8.234e-02
1.1950e+00 8.380e-02
1.1975e+00 8.527e-02
1.2000e+00 8.675e-02
