0.0000e+00 -4.156e-41
2.5000e-03 3.745e-07
5.0000e-03 7.487e-07
7.5000e-03 1.123e-06
1.0000e-02 1.496e-06
1.2500e-02 1.869e-06
1.5000e-02 2.242e-06
1.7500e-02 2.614e-06
2.0000e-02 2.985e-06
2.2500e-02 3.356e-06
2.5000e-02 3.727e-06
2.7500e-02 4.096e-06
3.0000e-02 4.465e-06
3.2500e-02 4.834e-06
3.5000e-02 5.201e-06
3.7500e-02 5.568e-06
4.0000e-02 5.933e-06
4.2500e-02 6.298e-06
4.5000e-02 6.661e-06
4.7500e-02 7.023e-06
5.0000e-02 7.384e-06
5.2500e-02 7.743e-06
5.5000e-02 8.101e-06
5.7500e-02 8.457e-06
6.0000e-02 8.812e-06
6.2500e-02 9.164e-06
6.5000e-02 9.515e-06
6.7500e-02 9.863e-06
7.0000e-02 1.021e-05
7.2500e-02 1.055e-05
7.5000e-02 1.089e-05
7.7500e-02 1.123e-05
8.0000e-02 1.156e-05
8.2500e-02 1.188e-05
8.5000e-02 1.221e-05
8.7500e-02 1.252e-05
9.0000e-02 1.283e-05
9.2500e-02 1.313e-05
9.5000e-02 1.342e-05
9.7500e-02 1.370e-05
1.0000e-01 1.397e-05
1.0250e-01 1.422e-05
1.0500e-01 1.445e-05
1.0750e-01 1.465e-05
1.1000e-01 1.482e-05
1.1250e-01 1.495e-05
1.1500e-01 1.502e-05
1.1750e-01 1.501e-05
1.2000e-01 1.490e-05
1.2250e-01 1.463e-05
1.2500e-01 1.415e-05
1.2750e-01 1.335e-05
1.3000e-01 1.218e-05
1.3250e-01 1.062e-05
1.3500e-01 8.895e-06
1.3750e-01 7.300e-06
1.4000e-01 6.013e-06
1.4250e-01 5.038e-06
1.4500e-01 4.309e-06
1.4750e-01 3.756e-06
1.5000e-01 3.330e-06
1.5250e-01 2.994e-06
1.5500e-01 2.724e-06
1.5750e-01 2.503e-06
1.6000e-01 2.319e-06
1.6250e-01 2.164e-06
1.6500e-01 2.031e-06
1.6750e-01 1.916e-06
1.7000e-01 1.817e-06
1.7250e-01 1.729e-06
1.7500e-01 1.651e-06
1.7750e-01 1.582e-06
1.8000e-01 1.520e-06
1.8250e-01 1.464e-06
1.8500e-01 1.414e-06
1.8750e-01 1.368e-06
1.9000e-01 1.325e-06
1.9250e-01 1.287e-06
1.9500e-01 1.251e-06
1.9750e-01 1.218e-06
2.0000e-01 1.188e-06
2.0250e-01 1.160e-06
2.0500e-01 1.133e-06
2.0750e-01 1.109e-06
2.1000e-01 1.086e-06
2.1250e-01 1.064e-06
2.1500e-01 1.044e-06
2.1750e-01 1.025e-06
2.2000e-01 1.007e-06
2.2250e-01 9.900e-07
2.2500e-01 9.740e-07
2.2750e-01 9.588e-07
2.3000e-01 9.444e-07
2.3250e-01 9.308e-07
2.3500e-01 9.178e-07
2.3750e-01 9.054e-07
2.4000e-01 8.936e-07
2.4250e-01 8.824e-07
2.4500e-01 8.717e-07
2.4750e-01 8.614e-07
2.5000e-01 8.516e-07
2.5250e-01 8.422e-07
2.5500e-01 8.332e-07
2.5750e-01 8.246e-07
2.6000e-01 8.163e-07
2.6250e-01 8.083e-07
2.6500e-01 8.007e-07
2.6750e-01 7.933e-07
2.7000e-01 7.862e-07
2.7250e-01 7.794e-07
2.7500e-01 7.729e-07
2.7750e-01 7.665e-07
2.8000e-01 7.604e-07
2.8250e-01 7.545e-07
2.8500e-01 7.488e-07
2.8750e-01 7.433e-07
2.9000e-01 7.380e-07
2.9250e-01 7.329e-07
2.9500e-01 7.279e-07
2.9750e-01 7.231e-07
3.0000e-01 7.184e-07
3.0250e-01 7.139e-07
3.0500e-01 7.096e-07
3.0750e-01 7.053e-07
3.1000e-01 7.012e-07
3.1250e-01 6.972e-07
3.1500e-01 6.934e-07
3.1750e-01 6.896e-07
3.2000e-01 6.860e-07
3.2250e-01 6.825e-07
3.2500e-01 6.790e-07
3.2750e-01 6.757e-07
3.3000e-01 6.725e-07
3.3250e-01 6.693e-07
3.3500e-01 6.663e-07
3.3750e-01 6.633e-07
3.4000e-01 6.604e-07
3.4250e-01 6.576e-07
3.4500e-01 6.549e-07
3.4750e-01 6.522e-07
3.5000e-01 6.496e-07
3.5250e-01 6.471e-07
3.5500e-01 6.447e-07
3.5750e-01 6.423e-07
3.6000e-01 6.400e-07
3.6250e-01 6.377e-07
3.6500e-01 6.355e-07
3.6750e-01 6.334e-07
3.7000e-01 6.313e-07
3.7250e-01 6.292e-07
3.7500e-01 6.273e-07
3.7750e-01 6.253e-07
3.8000e-01 6.235e-07
3.8250e-01 6.216e-07
3.8500e-01 6.199e-07
3.8750e-01 6.181e-07
3.9000e-01 6.164e-07
3.9250e-01 6.148e-07
3.9500e-01 6.132e-07
3.9750e-01 6.116e-07
4.0000e-01 6.101e-07
4.0250e-01 6.087e-07
4.0500e-01 6.072e-07
4.0750e-01 6.058e-07
4.1000e-01 6.045e-07
4.1250e-01 6.031e-07
4.1500e-01 6.018e-07
4.1750e-01 6.006e-07
4.2000e-01 5.994e-07
4.2250e-01 5.982e-07
4.2500e-01 5.970e-07
4.2750e-01 5.959e-07
4.3000e-01 5.948e-07
4.3250e-01 5.938e-07
4.3500e-01 5.927e-07
4.3750e-01 5.917e-07
4.4000e-01 5.908e-07
4.4250e-01 5.898e-07
4.4500e-01 5.889e-07
4.4750e-01 5.880e-07
4.5000e-01 5.872e-07
4.5250e-01 5.863e-07
4.5500e-01 5.855e-07
4.5750e-01 5.847e-07
4.6000e-01 5.840e-07
4.6250e-01 5.833e-07
4.6500e-01 5.825e-07
4.6750e-01 5.819e-07
4.7000e-01 5.812e-07
4.7250e-01 5.806e-07
4.7500e-01 5.800e-07
4.7750e-01 5.794e-07
4.8000e-01 5.788e-07
4.8250e-01 5.783e-07
4.8500e-01 5.777e-07
4.8750e-01 5.772e-07
4.9000e-01 5.768e-07
4.9250e-01 5.763e-07
4.9500e-01 5.759e-07
4.9750e-01 5.754e-07
5.0000e-01 5.751e-07
5.0250e-01 5.747e-07
5.0500e-01 5.743e-07
5.0750e-01 5.740e-07
5.1000e-01 5.737e-07
5.1250e-01 5.734e-07
5.1500e-01 5.731e-07
5.1750e-01 5.728e-07
5.2000e-01 5.726e-07
5.2250e-01 5.724e-07
5.2500e-01 5.722e-07
5.2750e-01 5.720e-07
5.3000e-01 5.718e-07
5.3250e-01 5.717e-07
5.3500e-01 5.715e-07
5.3750e-01 5.714e-07
5.4000e-01 5.713e-07
5.4250e-01 5.712e-07
5.4500e-01 5.712e-07
5.4750e-01 5.711e-07
5.5000e-01 5.711e-07
5.5250e-01 5.711e-07
5.5500e-01 5.711e-07
5.5750e-01 5.711e-07
5.6000e-01 5.712e-07
5.6250e-01 5.712e-07
5.6500e-01 5.713e-07
5.6750e-01 5.714e-07
5.7000e-01 5.715e-07
5.7250e-01 5.716e-07
5.7500e-01 5.718e-07
5.7750e-01 5.719e-07
5.8000e-01 5.721e-07
5.8250e-01 5.723e-07
5.8500e-01 5.725e-07
5.8750e-01 5.727e-07
5.9000e-01 5.729e-07
5.9250e-01 5.732e-07
5.9500e-01 5.735e-07
5.9750e-01 5.737e-07
6.0000e-01 5.740e-07
6.0250e-01 5.744e-07
6.0500e-01 5.747e-07
6.0750e-01 5.750e-07
6.1000e-01 5.754e-07
6.1250e-01 5.758e-07
6.1500e-01 5.762e-07
6.1750e-01 5.766e-07
6.2000e-01 5.770e-07
6.2250e-01 5.775e-07
6.2500e-01 5.779e-07
6.2750e-01 5.784e-07
6.3000e-01 5.789e-07
6.3250e-01 5.794e-07
6.3500e-01 5.799e-07
6.3750e-01 5.805e-07
6.4000e-01 5.810e-07
6.4250e-01 5.816e-07
6.4500e-01 5.822e-07
6.4750e-01 5.828e-07
6.5000e-01 5.834e-07
6.5250e-01 5.840e-07
6.5500e-01 5.847e-07
6.5750e-01 5.853e-07
6.6000e-01 5.860e-07
6.6250e-01 5.867e-07
6.6500e-01 5.874e-07
6.6750e-01 5.882e-07
6.7000e-01 5.889e-07
6.7250e-01 5.897e-07
6.7500e-01 5.905e-07
6.7750e-01 5.913e-07
6.8000e-01 5.921e-07
6.8250e-01 5.929e-07
6.8500e-01 5.937e-07
6.8750e-01 5.946e-07
6.9000e-01 5.955e-07
6.9250e-01 5.964e-07
6.9500e-01 5.973e-07
6.9750e-01 5.982e-07
7.0000e-01 5.992e-07
7.0250e-01 6.001e-07
7.0500e-01 6.011e-07
7.0750e-01 6.021e-07
7.1000e-01 6.031e-07
7.1250e-01 6.042e-07
7.1500e-01 6.052e-07
7.1750e-01 6.063e-07
7.2000e-01 6.074e-07
7.2250e-01 6.085e-07
7.2500e-01 6.096e-07
7.2750e-01 6.108e-07
7.3000e-01 6.119e-07
7.3250e-01 6.131e-07
7.3500e-01 6.143e-07
7.3750e-01 6.155e-07
7.4000e-01 6.167e-07
7.4250e-01 6.180e-07
7.4500e-01 6.193e-07
7.4750e-01 6.206e-07
7.5000e-01 6.219e-07
7.5250e-01 6.232e-07
7.5500e-01 6.246e-07
7.5750e-01 6.259e-07
7.6000e-01 6.273e-07
7.6250e-01 6.287e-07
7.6500e-01 6.301e-07
7.6750e-01 6.316e-07
7.7000e-01 6.331e-07
7.7250e-01 6.345e-07
7.7500e-01 6.360e-07
7.7750e-01 6.376e-07
7.8000e-01 6.391e-07
7.8250e-01 6.407e-07
7.8500e-01 6.423e-07
7.8750e-01 6.439e-07
7.9000e-01 6.455e-07
7.9250e-01 6.472e-07
7.9500e-01 6.489e-07
7.9750e-01 6.505e-07
8.0000e-01 6.523e-07
8.0250e-01 6.540e-07
8.0500e-01 6.558e-07
8.0750e-01 6.576e-07
8.1000e-01 6.594e-07
8.1250e-01 6.612e-07
8.1500e-01 6.630e-07
8.1750e-01 6.649e-07
8.2000e-01 6.668e-07
8.2250e-01 6.687e-07
8.2500e-01 6.707e-07
8.2750e-01 6.727e-07
8.3000e-01 6.747e-07
8.3250e-01 6.767e-07
8.3500e-01 6.787e-07
8.3750e-01 6.808e-07
8.4000e-01 6.829e-07
8.4250e-01 6.850e-07
8.4500e-01 6.871e-07
8.4750e-01 6.893e-07
8.5000e-01 6.915e-07
8.5250e-01 6.937e-07
8.5500e-01 6.959e-07
8.5750e-01 6.982e-07
8.6000e-01 7.005e-07
8.6250e-01 7.028e-07
8.6500e-01 7.052e-07
8.6750e-01 7.076e-07
8.7000e-01 7.100e-07
8.7250e-01 7.124e-07
8.7500e-01 7.149e-07
8.7750e-01 7.173e-07
8.8000e-01 7.199e-07
8.8250e-01 7.224e-07
8.8500e-01 7.250e-07
8.8750e-01 7.276e-07
8.9000e-01 7.302e-07
8.9250e-01 7.329e-07
8.9500e-01 7.356e-07
8.9750e-01 7.383e-07
9.0000e-01 7.410e-07
9.0250e-01 7.438e-07
9.0500e-01 7.466e-07
9.0750e-01 7.495e-07
9.1000e-01 7.523e-07
9.1250e-01 7.552e-07
9.1500e-01 7.582e-07
9.1750e-01 7.611e-07
9.2000e-01 7.641e-07
9.2250e-01 7.672e-07
9.2500e-01 7.702e-07
9.2750e-01 7.733e-07
9.3000e-01 7.765e-07
9.3250e-01 7.796e-07
9.3500e-01 7.828e-07
9.3750e-01 7.861e-07
9.4000e-01 7.893e-07
9.4250e-01 7.926e-07
9.4500e-01 7.960e-07
9.4750e-01 7.994e-07
9.5000e-01 8.028e-07
9.5250e-01 8.062e-07
9.5500e-01 8.097e-07
9.5750e-01 8.132e-07
9.6000e-01 8.168e-07
9.6250e-01 8.204e-07
9.6500e-01 8.240e-07
9.6750e-01 8.277e-07
9.7000e-01 8.314e-07
9.7250e-01 8.351e-07
9.7500e-01 8.389e-07
9.7750e-01 8.428e-07
9.8000e-01 8.466e-07
9.8250e-01 8.505e-07
9.8500e-01 8.545e-07
9.8750e-01 8.585e-07
9.9000e-01 8.625e-07
9.9250e-01 8.666e-07
9.9500e-01 8.707e-07
9.9750e-01 8.749e-07
1.0000e+00 8.791e-07
1.0025e+00 8.833e-07
1.0050e+00 8.876e-07
1.0075e+00 8.919e-07
1.0100e+00 8.963e-07
1.0125e+00 9.008e-07
1.0150e+00 9.052e-07
1.0175e+00 9.097e-07
1.0200e+00 9.143e-07
1.0225e+00 9.189e-07
1.0250e+00 9.236e-07
1.0275e+00 9.283e-07
1.0300e+00 9.330e-07
1.0325e+00 9.378e-07
1.0350e+00 9.427e-07
1.0375e+00 9.476e-07
1.0400e+00 9.525e-07
1.0425e+00 9.575e-07
1.0450e+00 9.626e-07
1.0475e+00 9.677e-07
1.0500e+00 9.728e-07
1.0525e+00 9.780e-07
1.0550e+00 9.833e-07
1.0575e+00 9.886e-07
1.0600e+00 9.940e-07
1.0625e+00 9.994e-07
1.0650e+00 1.005e-06
1.0675e+00 1.010e-06
1.0700e+00 1.016e-06
1.0725e+00 1.022e-06
1.0750e+00 1.027e-06
1.0775e+00 1.033e-06
1.0800e+00 1.039e-06
1.0825e+00 1.045e-06
1.0850e+00 1.051e-06
1.0875e+00 1.057e-06
1.0900e+00 1.063e-06
1.0925e+00 1.069e-06
1.0950e+00 1.075e-06
1.0975e+00 1.081e-06
1.1000e+00 1.088e-06
1.1025e+00 1.094e-06
1.1050e+00 1.100e-06
1.1075e+00 1.107e-06
1.1100e+00 1.113e-06
1.1125e+00 1.120e-06
1.1150e+00 1.127e-06
1.1175e+00 1.134e-06
1.1200e+00 1.140e-06
1.1225e+00 1.147e-06
1.1250e+00 1.154e-06
1.1275e+00 1.161e-06
1.1300e+00 1.168e-06
1.1325e+00 1.176e-06
1.1350e+00 1.183e-06
1.1375e+00 1.190e-06
1.1400e+00 1.197e-06
1.1425e+00 1.205e-06
1.1450e+00 1.212e-06
1.1475e+00 1.220e-06
1.1500e+00 1.228e-06
1.1525e+00 1.235e-06
1.1550e+00 1.243e-06
1.1575e+00 1.251e-06
1.1600e+00 1.259e-06
1.1625e+00 1.267e-06
1.1650e+00 1.275e-06
1.1675e+00 1.284e-06
1.1700e+00 1.292e-06
1.1725e+00 1.300e-06
1.1750e+00 1.309e-06
1.1775e+00 1.317e-06
1.1800e+00 1.326e-06
1.1825e+00 1.335e-06
1.1850e+00 1.344e-06
1.1875e+00 1.353e-06
1.1900e+00 1.362e-06
1.1925e+00 1.371e-06
1.1950e+00 1.380e-06
1.1975e+00 1.389e-06
1.2000e+00 1.398e-06
