0.0000e+00 -5.005e-39
2.5000e-03 1.850e-06
5.0000e-03 3.699e-06
7.5000e-03 5.548e-06
1.0000e-02 7.399e-06
1.2500e-02 9.252e-06
1.5000e-02 1.111e-05
1.7500e-02 1.297e-05
2.0000e-02 1.483e-05
2.2500e-02 1.670e-05
2.5000e-02 1.858e-05
2.7500e-02 2.046e-05
3.0000e-02 2.235e-05
3.2500e-02 2.425e-05
3.5000e-02 2.616e-05
3.7500e-02 2.807e-05
4.0000e-02 3.000e-05
4.2500e-02 3.193e-05
4.5000e-02 3.388e-05
4.7500e-02 3.584e-05
5.0000e-02 3.781e-05
5.2500e-02 3.979e-05
5.5000e-02 4.178e-05
5.7500e-02 4.378e-05
6.0000e-02 4.580e-05
6.2500e-02 4.783e-05
6.5000e-02 4.987e-05
6.7500e-02 5.192e-05
7.0000e-02 5.398e-05
7.2500e-02 5.605e-05
7.5000e-02 5.813e-05
7.7500e-02 6.022e-05
8.0000e-02 6.232e-05
8.2500e-02 6.443e-05
8.5000e-02 6.654e-05
8.7500e-02 6.866e-05
9.0000e-02 7.078e-05
9.2500e-02 7.290e-05
9.5000e-02 7.502e-05
9.7500e-02 7.714e-05
1.0000e-01 7.925e-05
1.0250e-01 8.135e-05
1.0500e-01 8.344e-05
1.0750e-01 8.551e-05
1.1000e-01 8.755e-05
1.1250e-01 8.956e-05
1.1500e-01 9.154e-05
1.1750e-01 9.346e-05
1.2000e-01 9.533e-05
1.2250e-01 9.712e-05
1.2500e-01 9.881e-05
1.2750e-01 1.004e-04
1.3000e-01 1.018e-04
1.3250e-01 1.031e-04
1.3500e-01 1.041e-04
1.3750e-01 1.049e-04
1.4000e-01 1.052e-04
1.4250e-01 1.051e-04
1.4500e-01 1.044e-04
1.4750e-01 1.029e-04
1.5000e-01 1.003e-04
1.5250e-01 9.639e-05
1.5500e-01 9.098e-05
1.5750e-01 8.402e-05
1.6000e-01 7.584e-05
1.6250e-01 6.718e-05
1.6500e-01 5.888e-05
1.6750e-01 5.152e-05
1.7000e-01 4.530e-05
1.7250e-01 4.019e-05
1.7500e-01 3.602e-05
1.7750e-01 3.260e-05
1.8000e-01 2.979e-05
1.8250e-01 2.744e-05
1.8500e-01 2.547e-05
1.8750e-01 2.380e-05
1.9000e-01 2.236e-05
1.9250e-01 2.112e-05
1.9500e-01 2.003e-05
1.9750e-01 1.908e-05
2.0000e-01 1.823e-05
2.0250e-01 1.748e-05
2.0500e-01 1.681e-05
2.0750e-01 1.620e-05
2.1000e-01 1.565e-05
2.1250e-01 1.515e-05
2.1500e-01 1.470e-05
2.1750e-01 1.428e-05
2.2000e-01 1.390e-05
2.2250e-01 1.355e-05
2.2500e-01 1.322e-05
2.2750e-01 1.292e-05
2.3000e-01 1.264e-05
2.3250e-01 1.238e-05
2.3500e-01 1.214e-05
2.3750e-01 1.192e-05
2.4000e-01 1.170e-05
2.4250e-01 1.150e-05
2.4500e-01 1.132e-05
2.4750e-01 1.114e-05
2.5000e-01 1.098e-05
2.5250e-01 1.082e-05
2.5500e-01 1.067e-05
2.5750e-01 1.053e-05
2.6000e-01 1.040e-05
2.6250e-01 1.028e-05
2.6500e-01 1.016e-05
2.6750e-01 1.005e-05
2.7000e-01 9.941e-06
2.7250e-01 9.840e-06
2.7500e-01 9.744e-06
2.7750e-01 9.653e-06
2.8000e-01 9.566e-06
2.8250e-01 9.484e-06
2.8500e-01 9.406e-06
2.8750e-01 9.331e-06
2.9000e-01 9.261e-06
2.9250e-01 9.194e-06
2.9500e-01 9.130e-06
2.9750e-01 9.069e-06
3.0000e-01 9.012e-06
3.0250e-01 8.957e-06
3.0500e-01 8.906e-06
3.0750e-01 8.857e-06
3.1000e-01 8.810e-06
3.1250e-01 8.767e-06
3.1500e-01 8.726e-06
3.1750e-01 8.687e-06
3.2000e-01 8.651e-06
3.2250e-01 8.617e-06
3.2500e-01 8.586e-06
3.2750e-01 8.557e-06
3.3000e-01 8.530e-06
3.3250e-01 8.505e-06
3.3500e-01 8.483e-06
3.3750e-01 8.462e-06
3.4000e-01 8.444e-06
3.4250e-01 8.428e-06
3.4500e-01 8.414e-06
3.4750e-01 8.402e-06
3.5000e-01 8.393e-06
3.5250e-01 8.386e-06
3.5500e-01 8.380e-06
3.5750e-01 8.377e-06
3.6000e-01 8.377e-06
3.6250e-01 8.378e-06
3.6500e-01 8.382e-06
3.6750e-01 8.388e-06
3.7000e-01 8.396e-06
3.7250e-01 8.407e-06
3.7500e-01 8.421e-06
3.7750e-01 8.436e-06
3.8000e-01 8.455e-06
3.8250e-01 8.476e-06
3.8500e-01 8.499e-06
3.8750e-01 8.526e-06
3.9000e-01 8.555e-06
3.9250e-01 8.587e-06
3.9500e-01 8.622e-06
3.9750e-01 8.660e-06
4.0000e-01 8.701e-06
4.0250e-01 8.746e-06
4.0500e-01 8.794e-06
4.0750e-01 8.845e-06
4.1000e-01 8.900e-06
4.1250e-01 8.959e-06
4.1500e-01 9.022e-06
4.1750e-01 9.088e-06
4.2000e-01 9.159e-06
4.2250e-01 9.234e-06
4.2500e-01 9.313e-06
4.2750e-01 9.397e-06
4.3000e-01 9.486e-06
4.3250e-01 9.580e-06
4.3500e-01 9.679e-06
4.3750e-01 9.783e-06
4.4000e-01 9.893e-06
4.4250e-01 1.001e-05
4.4500e-01 1.013e-05
4.4750e-01 1.026e-05
4.5000e-01 1.039e-05
4.5250e-01 1.053e-05
4.5500e-01 1.068e-05
4.5750e-01 1.084e-05
4.6000e-01 1.100e-05
4.6250e-01 1.117e-05
4.6500e-01 1.135e-05
4.6750e-01 1.154e-05
4.7000e-01 1.173e-05
4.7250e-01 1.194e-05
4.7500e-01 1.215e-05
4.7750e-01 1.238e-05
4.8000e-01 1.262e-05
4.8250e-01 1.286e-05
4.8500e-01 1.312e-05
4.8750e-01 1.339e-05
4.9000e-01 1.368e-05
4.9250e-01 1.397e-05
4.9500e-01 1.428e-05
4.9750e-01 1.460e-05
5.0000e-01 1.494e-05
5.0250e-01 1.530e-05
5.0500e-01 1.566e-05
5.0750e-01 1.605e-05
5.1000e-01 1.645e-05
5.1250e-01 1.687e-05
5.1500e-01 1.731e-05
5.1750e-01 1.777e-05
5.2000e-01 1.825e-05
5.2250e-01 1.875e-05
5.2500e-01 1.928e-05
5.2750e-01 1.982e-05
5.3000e-01 2.039e-05
5.3250e-01 2.099e-05
5.3500e-01 2.161e-05
5.3750e-01 2.226e-05
5.4000e-01 2.294e-05
5.4250e-01 2.365e-05
5.4500e-01 2.439e-05
5.4750e-01 2.516e-05
5.5000e-01 2.596e-05
5.5250e-01 2.680e-05
5.5500e-01 2.768e-05
5.5750e-01 2.859e-05
5.6000e-01 2.955e-05
5.6250e-01 3.055e-05
5.6500e-01 3.159e-05
5.6750e-01 3.267e-05
5.7000e-01 3.380e-05
5.7250e-01 3.499e-05
5.7500e-01 3.622e-05
5.7750e-01 3.751e-05
5.8000e-01 3.885e-05
5.8250e-01 4.025e-05
5.8500e-01 4.171e-05
5.8750e-01 4.324e-05
5.9000e-01 4.483e-05
5.9250e-01 4.649e-05
5.9500e-01 4.823e-05
5.9750e-01 5.003e-05
6.0000e-01 5.192e-05
6.0250e-01 5.389e-05
6.0500e-01 5.594e-05
6.0750e-01 5.808e-05
6.1000e-01 6.032e-05
6.1250e-01 6.265e-05
6.1500e-01 6.508e-05
6.1750e-01 6.762e-05
6.2000e-01 7.027e-05
6.2250e-01 7.303e-05
6.2500e-01 7.591e-05
6.2750e-01 7.892e-05
6.3000e-01 8.205e-05
6.3250e-01 8.532e-05
6.3500e-01 8.873e-05
6.3750e-01 9.229e-05
6.4000e-01 9.601e-05
6.4250e-01 9.988e-05
6.4500e-01 1.039e-04
6.4750e-01 1.081e-04
6.5000e-01 1.125e-04
6.5250e-01 1.171e-04
6.5500e-01 1.219e-04
6.5750e-01 1.269e-04
6.6000e-01 1.321e-04
6.6250e-01 1.375e-04
6.6500e-01 1.432e-04
6.6750e-01 1.491e-04
6.7000e-01 1.552e-04
6.7250e-01 1.617e-04
6.7500e-01 1.684e-04
6.7750e-01 1.753e-04
6.8000e-01 1.826e-04
6.8250e-01 1.902e-04
6.8500e-01 1.982e-04
6.8750e-01 2.064e-04
6.9000e-01 2.150e-04
6.9250e-01 2.240e-04
6.9500e-01 2.334e-04
6.9750e-01 2.432e-04
7.0000e-01 2.534e-04
7.0250e-01 2.640e-04
7.0500e-01 2.751e-04
7.0750e-01 2.867e-04
7.1000e-01 2.987e-04
7.1250e-01 3.113e-04
7.1500e-01 3.244e-04
7.1750e-01 3.381e-04
7.2000e-01 3.524e-04
7.2250e-01 3.672e-04
7.2500e-01 3.827e-04
7.2750e-01 3.989e-04
7.3000e-01 4.157e-04
7.3250e-01 4.333e-04
7.3500e-01 4.516e-04
7.3750e-01 4.707e-04
7.4000e-01 4.906e-04
7.4250e-01 5.114e-04
7.4500e-01 5.330e-04
7.4750e-01 5.556e-04
7.5000e-01 5.791e-04
7.5250e-01 6.036e-04
7.5500e-01 6.291e-04
7.5750e-01 6.557e-04
7.6000e-01 6.835e-04
7.6250e-01 7.124e-04
7.6500e-01 7.425e-04
7.6750e-01 7.739e-04
7.7000e-01 8.066e-04
7.7250e-01 8.407e-04
7.7500e-01 8.763e-04
7.7750e-01 9.133e-04
7.8000e-01 9.518e-04
7.8250e-01 9.920e-04
7.8500e-01 1.034e-03
7.8750e-01 1.077e-03
7.9000e-01 1.123e-03
7.9250e-01 1.170e-03
7.9500e-01 1.219e-03
7.9750e-01 1.271e-03
8.0000e-01 1.324e-03
8.0250e-01 1.380e-03
8.0500e-01 1.438e-03
8.0750e-01 1.498e-03
8.1000e-01 1.561e-03
8.1250e-01 1.626e-03
8.1500e-01 1.694e-03
8.1750e-01 1.765e-03
8.2000e-01 1.839e-03
8.2250e-01 1.915e-03
8.2500e-01 1.995e-03
8.2750e-01 2.078e-03
8.3000e-01 2.165e-03
8.3250e-01 2.254e-03
8.3500e-01 2.348e-03
8.3750e-01 2.445e-03
8.4000e-01 2.546e-03
8.4250e-01 2.651e-03
8.4500e-01 2.760e-03
8.4750e-01 2.873e-03
8.5000e-01 2.991e-03
8.5250e-01 3.114e-03
8.5500e-01 3.241e-03
8.5750e-01 3.373e-03
8.6000e-01 3.510e-03
8.6250e-01 3.653e-03
8.6500e-01 3.801e-03
8.6750e-01 3.954e-03
8.7000e-01 4.114e-03
8.7250e-01 4.279e-03
8.7500e-01 4.451e-03
8.7750e-01 4.629e-03
8.8000e-01 4.814e-03
8.8250e-01 5.005e-03
8.8500e-01 5.203e-03
8.8750e-01 5.409e-03
8.9000e-01 5.622e-03
8.9250e-01 5.843e-03
8.9500e-01 6.071e-03
8.9750e-01 6.308e-03
9.0000e-01 6.553e-03
9.0250e-01 6.806e-03
9.0500e-01 7.069e-03
9.0750e-01 7.340e-03
9.1000e-01 7.621e-03
9.1250e-01 7.910e-03
9.1500e-01 8.210e-03
9.1750e-01 8.520e-03
9.2000e-01 8.839e-03
9.2250e-01 9.170e-03
9.2500e-01 9.510e-03
9.2750e-01 9.862e-03
9.3000e-01 1.022e-02
9.3250e-01 1.060e-02
9.3500e-01 1.098e-02
9.3750e-01 1.138e-02
9.4000e-01 1.179e-02
9.4250e-01 1.221e-02
9.4500e-01 1.265e-02
9.4750e-01 1.309e-02
9.5000e-01 1.355e-02
9.5250e-01 1.403e-02
9.5500e-01 1.451e-02
9.5750e-01 1.501e-02
9.6000e-01 1.552e-02
9.6250e-01 1.605e-02
9.6500e-01 1.659e-02
9.6750e-01 1.715e-02
9.7000e-01 1.771e-02
9.7250e-01 1.830e-02
9.7500e-01 1.890e-02
9.7750e-01 1.951e-02
9.8000e-01 2.014e-02
9.8250e-01 2.078e-02
9.8500e-01 2.144e-02
9.8750e-01 2.211e-02
9.9000e-01 2.280e-02
9.9250e-01 2.350e-02
9.9500e-01 2.422e-02
9.9750e-01 2.495e-02
1.0000e+00 2.570e-02
1.0025e+00 2.647e-02
1.0050e+00 2.725e-02
1.0075e+00 2.804e-02
1.0100e+00 2.885e-02
1.0125e+00 2.968e-02
1.0150e+00 3.052e-02
1.0175e+00 3.138e-02
1.0200e+00 3.226e-02
1.0225e+00 3.315e-02
1.0250e+00 3.405e-02
1.0275e+00 3.498e-02
1.0300e+00 3.591e-02
1.0325e+00 3.686e-02
1.0350e+00 3.783e-02
1.0375e+00 3.881e-02
1.0400e+00 3.981e-02
1.0425e+00 4.083e-02
1.0450e+00 4.185e-02
1.0475e+00 4.290e-02
1.0500e+00 4.396e-02
1.0525e+00 4.503e-02
1.0550e+00 4.612e-02
1.0575e+00 4.722e-02
1.0600e+00 4.834e-02
1.0625e+00 4.947e-02
1.0650e+00 5.062e-02
1.0675e+00 5.178e-02
1.0700e+00 5.295e-02
1.0725e+00 5.414e-02
1.0750e+00 5.534e-02
1.0775e+00 5.655e-02
1.0800e+00 5.778e-02
1.0825e+00 5.902e-02
1.0850e+00 6.028e-02
1.0875e+00 6.155e-02
1.0900e+00 6.283e-02
1.0925e+00 6.412e-02
1.0950e+00 6.543e-02
1.0975e+00 6.675e-02
1.1000e+00 6.808e-02
1.1025e+00 6.943e-02
1.1050e+00 7.078e-02
1.1075e+00 7.215e-02
1.1100e+00 7.353e-02
1.1125e+00 7.492e-02
1.1150e+00 7.632e-02
1.1175e+00 7.774e-02
1.1200e+00 7.916e-02
1.1225e+00 8.060e-02
1.1250e+00 8.205e-02
1.1275e+00 8.351e-02
1.1300e+00 8.497e-02
1.1325e+00 8.645e-02
1.1350e+00 8.794e-02
1.1375e+00 8.944e-02
1.1400e+00 9.095e-02
1.1425e+00 9.247e-02
1.1450e+00 9.400e-02
1.1475e+00 9.554e-02
1.1500e+00 9.709e-02
1.1525e+00 9.865e-02
1.1550e+00 1.002e-01
1.1575e+00 1.018e-01
1.1600e+00 1.034e-01
1.1625e+00 1.050e-01
1.1650e+00 1.066e-01
1.1675e+00 1.082e-01
1.1700e+00 1.098e-01
1.1725e+00 1.114e-01
1.1750e+00 1.131e-01
1.1775e+00 1.147e-01
1.1800e+00 1.164e-01
1.1825e+00 1.180e-01
1.1850e+00 1.197e-01
1.1875e+00 1.214e-01
1.1900e+00 1.231e-01
1.1925e+00 1.248e-01
1.1950e+00 1.265e-01
1.1975e+00 1.282e-01
1.2000e+00 1.299e-01
