0.0000e+00 -1.387e-40
2.5000e-03 5.598e-07
5.0000e-03 1.119e-06
7.5000e-03 1.679e-06
1.0000e-02 2.239e-06
1.2500e-02 2.800e-06
1.5000e-02 3.362e-06
1.7500e-02 3.925e-06
2.0000e-02 4.489e-06
2.2500e-02 5.055e-06
2.5000e-02 5.623e-06
2.7500e-02 6.192e-06
3.0000e-02 6.764e-06
3.2500e-02 7.339e-06
3.5000e-02 7.916e-06
3.7500e-02 8.496e-06
4.0000e-02 9.079e-06
4.2500e-02 9.665e-06
4.5000e-02 1.025e-05
4.7500e-02 1.085e-05
5.0000e-02 1.144e-05
5.2500e-02 1.204e-05
5.5000e-02 1.265e-05
5.7500e-02 1.325e-05
6.0000e-02 1.386e-05
6.2500e-02 1.448e-05
6.5000e-02 1.509e-05
6.7500e-02 1.571e-05
7.0000e-02 1.634e-05
7.2500e-02 1.696e-05
7.5000e-02 1.759e-05
7.7500e-02 1.823e-05
8.0000e-02 1.886e-05
8.2500e-02 1.950e-05
8.5000e-02 2.014e-05
8.7500e-02 2.078e-05
9.0000e-02 2.142e-05
9.2500e-02 2.207e-05
9.5000e-02 2.271e-05
9.7500e-02 2.335e-05
1.0000e-01 2.399e-05
1.0250e-01 2.462e-05
1.0500e-01 2.525e-05
1.0750e-01 2.588e-05
1.1000e-01 2.650e-05
1.1250e-01 2.711e-05
1.1500e-01 2.770e-05
1.1750e-01 2.829e-05
1.2000e-01 2.885e-05
1.2250e-01 2.939e-05
1.2500e-01 2.990e-05
1.2750e-01 3.038e-05
1.3000e-01 3.082e-05
1.3250e-01 3.119e-05
1.3500e-01 3.150e-05
1.3750e-01 3.173e-05
1.4000e-01 3.183e-05
1.4250e-01 3.180e-05
1.4500e-01 3.157e-05
1.4750e-01 3.110e-05
1.5000e-01 3.031e-05
1.5250e-01 2.912e-05
1.5500e-01 2.747e-05
1.5750e-01 2.536e-05
1.6000e-01 2.289e-05
1.6250e-01 2.027e-05
1.6500e-01 1.777e-05
1.6750e-01 1.555e-05
1.7000e-01 1.368e-05
1.7250e-01 1.214e-05
1.7500e-01 1.088e-05
1.7750e-01 9.854e-06
1.8000e-01 9.004e-06
1.8250e-01 8.297e-06
1.8500e-01 7.701e-06
1.8750e-01 7.195e-06
1.9000e-01 6.761e-06
1.9250e-01 6.385e-06
1.9500e-01 6.057e-06
1.9750e-01 5.769e-06
2.0000e-01 5.514e-06
2.0250e-01 5.287e-06
2.0500e-01 5.083e-06
2.0750e-01 4.900e-06
2.1000e-01 4.734e-06
2.1250e-01 4.583e-06
2.1500e-01 4.446e-06
2.1750e-01 4.320e-06
2.2000e-01 4.205e-06
2.2250e-01 4.098e-06
2.2500e-01 4.000e-06
2.2750e-01 3.909e-06
2.3000e-01 3.825e-06
2.3250e-01 3.746e-06
2.3500e-01 3.673e-06
2.3750e-01 3.604e-06
2.4000e-01 3.540e-06
2.4250e-01 3.480e-06
2.4500e-01 3.423e-06
2.4750e-01 3.370e-06
2.5000e-01 3.320e-06
2.5250e-01 3.273e-06
2.5500e-01 3.228e-06
2.5750e-01 3.186e-06
2.6000e-01 3.146e-06
2.6250e-01 3.109e-06
2.6500e-01 3.073e-06
2.6750e-01 3.039e-06
2.7000e-01 3.007e-06
2.7250e-01 2.976e-06
2.7500e-01 2.947e-06
2.7750e-01 2.920e-06
2.8000e-01 2.894e-06
2.8250e-01 2.869e-06
2.8500e-01 2.845e-06
2.8750e-01 2.823e-06
2.9000e-01 2.801e-06
2.9250e-01 2.781e-06
2.9500e-01 2.762e-06
2.9750e-01 2.743e-06
3.0000e-01 2.726e-06
3.0250e-01 2.710e-06
3.0500e-01 2.694e-06
3.0750e-01 2.679e-06
3.1000e-01 2.665e-06
3.1250e-01 2.652e-06
3.1500e-01 2.640e-06
3.1750e-01 2.628e-06
3.2000e-01 2.617e-06
3.2250e-01 2.607e-06
3.2500e-01 2.597e-06
3.2750e-01 2.588e-06
3.3000e-01 2.580e-06
3.3250e-01 2.573e-06
3.3500e-01 2.566e-06
3.3750e-01 2.560e-06
3.4000e-01 2.554e-06
3.4250e-01 2.549e-06
3.4500e-01 2.545e-06
3.4750e-01 2.542e-06
3.5000e-01 2.539e-06
3.5250e-01 2.537e-06
3.5500e-01 2.535e-06
3.5750e-01 2.534e-06
3.6000e-01 2.534e-06
3.6250e-01 2.534e-06
3.6500e-01 2.536e-06
3.6750e-01 2.537e-06
3.7000e-01 2.540e-06
3.7250e-01 2.543e-06
3.7500e-01 2.547e-06
3.7750e-01 2.552e-06
3.8000e-01 2.558e-06
3.8250e-01 2.564e-06
3.8500e-01 2.571e-06
3.8750e-01 2.579e-06
3.9000e-01 2.588e-06
3.9250e-01 2.598e-06
3.9500e-01 2.608e-06
3.9750e-01 2.620e-06
4.0000e-01 2.632e-06
4.0250e-01 2.646e-06
4.0500e-01 2.660e-06
4.0750e-01 2.676e-06
4.1000e-01 2.692e-06
4.1250e-01 2.710e-06
4.1500e-01 2.729e-06
4.1750e-01 2.749e-06
4.2000e-01 2.771e-06
4.2250e-01 2.793e-06
4.2500e-01 2.817e-06
4.2750e-01 2.843e-06
4.3000e-01 2.870e-06
4.3250e-01 2.898e-06
4.3500e-01 2.928e-06
4.3750e-01 2.959e-06
4.4000e-01 2.993e-06
4.4250e-01 3.028e-06
4.4500e-01 3.064e-06
4.4750e-01 3.103e-06
4.5000e-01 3.144e-06
4.5250e-01 3.186e-06
4.5500e-01 3.231e-06
4.5750e-01 3.278e-06
4.6000e-01 3.327e-06
4.6250e-01 3.379e-06
4.6500e-01 3.433e-06
4.6750e-01 3.490e-06
4.7000e-01 3.550e-06
4.7250e-01 3.612e-06
4.7500e-01 3.677e-06
4.7750e-01 3.745e-06
4.8000e-01 3.817e-06
4.8250e-01 3.892e-06
4.8500e-01 3.970e-06
4.8750e-01 4.052e-06
4.9000e-01 4.137e-06
4.9250e-01 4.227e-06
4.9500e-01 4.320e-06
4.9750e-01 4.418e-06
5.0000e-01 4.521e-06
5.0250e-01 4.627e-06
5.0500e-01 4.739e-06
5.0750e-01 4.856e-06
5.1000e-01 4.978e-06
5.1250e-01 5.105e-06
5.1500e-01 5.238e-06
5.1750e-01 5.377e-06
5.2000e-01 5.522e-06
5.2250e-01 5.674e-06
5.2500e-01 5.832e-06
5.2750e-01 5.998e-06
5.3000e-01 6.170e-06
5.3250e-01 6.351e-06
5.3500e-01 6.539e-06
5.3750e-01 6.736e-06
5.4000e-01 6.941e-06
5.4250e-01 7.155e-06
5.4500e-01 7.378e-06
5.4750e-01 7.612e-06
5.5000e-01 7.855e-06
5.5250e-01 8.110e-06
5.5500e-01 8.375e-06
5.5750e-01 8.652e-06
5.6000e-01 8.941e-06
5.6250e-01 9.243e-06
5.6500e-01 9.558e-06
5.6750e-01 9.886e-06
5.7000e-01 1.023e-05
5.7250e-01 1.059e-05
5.7500e-01 1.096e-05
5.7750e-01 1.135e-05
5.8000e-01 1.176e-05
5.8250e-01 1.218e-05
5.8500e-01 1.262e-05
5.8750e-01 1.309e-05
5.9000e-01 1.357e-05
5.9250e-01 1.407e-05
5.9500e-01 1.460e-05
5.9750e-01 1.514e-05
6.0000e-01 1.571e-05
6.0250e-01 1.631e-05
6.0500e-01 1.693e-05
6.0750e-01 1.758e-05
6.1000e-01 1.826e-05
6.1250e-01 1.896e-05
6.1500e-01 1.970e-05
6.1750e-01 2.047e-05
6.2000e-01 2.127e-05
6.2250e-01 2.211e-05
6.2500e-01 2.298e-05
6.2750e-01 2.389e-05
6.3000e-01 2.484e-05
6.3250e-01 2.583e-05
6.3500e-01 2.687e-05
6.3750e-01 2.795e-05
6.4000e-01 2.907e-05
6.4250e-01 3.025e-05
6.4500e-01 3.147e-05
6.4750e-01 3.275e-05
6.5000e-01 3.408e-05
6.5250e-01 3.547e-05
6.5500e-01 3.692e-05
6.5750e-01 3.844e-05
6.6000e-01 4.002e-05
6.6250e-01 4.166e-05
6.6500e-01 4.338e-05
6.6750e-01 4.517e-05
6.7000e-01 4.704e-05
6.7250e-01 4.899e-05
6.7500e-01 5.103e-05
6.7750e-01 5.315e-05
6.8000e-01 5.536e-05
6.8250e-01 5.767e-05
6.8500e-01 6.008e-05
6.8750e-01 6.259e-05
6.9000e-01 6.521e-05
6.9250e-01 6.795e-05
6.9500e-01 7.080e-05
6.9750e-01 7.377e-05
7.0000e-01 7.688e-05
7.0250e-01 8.011e-05
7.0500e-01 8.349e-05
7.0750e-01 8.701e-05
7.1000e-01 9.068e-05
7.1250e-01 9.451e-05
7.1500e-01 9.851e-05
7.1750e-01 1.027e-04
7.2000e-01 1.070e-04
7.2250e-01 1.116e-04
7.2500e-01 1.163e-04
7.2750e-01 1.212e-04
7.3000e-01 1.264e-04
7.3250e-01 1.317e-04
7.3500e-01 1.373e-04
7.3750e-01 1.432e-04
7.4000e-01 1.493e-04
7.4250e-01 1.556e-04
7.4500e-01 1.622e-04
7.4750e-01 1.691e-04
7.5000e-01 1.764e-04
7.5250e-01 1.839e-04
7.5500e-01 1.917e-04
7.5750e-01 1.999e-04
7.6000e-01 2.084e-04
7.6250e-01 2.173e-04
7.6500e-01 2.266e-04
7.6750e-01 2.362e-04
7.7000e-01 2.463e-04
7.7250e-01 2.568e-04
7.7500e-01 2.678e-04
7.7750e-01 2.792e-04
7.8000e-01 2.911e-04
7.8250e-01 3.036e-04
7.8500e-01 3.165e-04
7.8750e-01 3.301e-04
7.9000e-01 3.442e-04
7.9250e-01 3.589e-04
7.9500e-01 3.742e-04
7.9750e-01 3.902e-04
8.0000e-01 4.068e-04
8.0250e-01 4.242e-04
8.0500e-01 4.423e-04
8.0750e-01 4.612e-04
8.1000e-01 4.808e-04
8.1250e-01 5.013e-04
8.1500e-01 5.227e-04
8.1750e-01 5.450e-04
8.2000e-01 5.683e-04
8.2250e-01 5.925e-04
8.2500e-01 6.177e-04
8.2750e-01 6.440e-04
8.3000e-01 6.715e-04
8.3250e-01 7.000e-04
8.3500e-01 7.298e-04
8.3750e-01 7.609e-04
8.4000e-01 7.932e-04
8.4250e-01 8.269e-04
8.4500e-01 8.620e-04
8.4750e-01 8.986e-04
8.5000e-01 9.368e-04
8.5250e-01 9.765e-04
8.5500e-01 1.018e-03
8.5750e-01 1.061e-03
8.6000e-01 1.106e-03
8.6250e-01 1.153e-03
8.6500e-01 1.201e-03
8.6750e-01 1.252e-03
8.7000e-01 1.305e-03
8.7250e-01 1.360e-03
8.7500e-01 1.417e-03
8.7750e-01 1.477e-03
8.8000e-01 1.539e-03
8.8250e-01 1.604e-03
8.8500e-01 1.671e-03
8.8750e-01 1.741e-03
8.9000e-01 1.814e-03
8.9250e-01 1.890e-03
8.9500e-01 1.968e-03
8.9750e-01 2.050e-03
9.0000e-01 2.136e-03
9.0250e-01 2.225e-03
9.0500e-01 2.317e-03
9.0750e-01 2.413e-03
9.1000e-01 2.513e-03
9.1250e-01 2.617e-03
9.1500e-01 2.725e-03
9.1750e-01 2.837e-03
9.2000e-01 2.954e-03
9.2250e-01 3.075e-03
9.2500e-01 3.201e-03
9.2750e-01 3.331e-03
9.3000e-01 3.467e-03
9.3250e-01 3.608e-03
9.3500e-01 3.755e-03
9.3750e-01 3.907e-03
9.4000e-01 4.064e-03
9.4250e-01 4.228e-03
9.4500e-01 4.398e-03
9.4750e-01 4.574e-03
9.5000e-01 4.757e-03
9.5250e-01 4.946e-03
9.5500e-01 5.143e-03
9.5750e-01 5.346e-03
9.6000e-01 5.557e-03
9.6250e-01 5.776e-03
9.6500e-01 6.002e-03
9.6750e-01 6.237e-03
9.7000e-01 6.479e-03
9.7250e-01 6.730e-03
9.7500e-01 6.990e-03
9.7750e-01 7.259e-03
9.8000e-01 7.537e-03
9.8250e-01 7.824e-03
9.8500e-01 8.121e-03
9.8750e-01 8.428e-03
9.9000e-01 8.745e-03
9.9250e-01 9.072e-03
9.9500e-01 9.410e-03
9.9750e-01 9.758e-03
1.0000e+00 1.012e-02
1.0025e+00 1.049e-02
1.0050e+00 1.087e-02
1.0075e+00 1.126e-02
1.0100e+00 1.167e-02
1.0125e+00 1.209e-02
1.0150e+00 1.252e-02
1.0175e+00 1.296e-02
1.0200e+00 1.342e-02
1.0225e+00 1.389e-02
1.0250e+00 1.437e-02
1.0275e+00 1.486e-02
1.0300e+00 1.537e-02
1.0325e+00 1.590e-02
1.0350e+00 1.643e-02
1.0375e+00 1.698e-02
1.0400e+00 1.755e-02
1.0425e+00 1.813e-02
1.0450e+00 1.872e-02
1.0475e+00 1.933e-02
1.0500e+00 1.995e-02
1.0525e+00 2.059e-02
1.0550e+00 2.124e-02
1.0575e+00 2.191e-02
1.0600e+00 2.260e-02
1.0625e+00 2.330e-02
1.0650e+00 2.401e-02
1.0675e+00 2.474e-02
1.0700e+00 2.548e-02
1.0725e+00 2.624e-02
1.0750e+00 2.702e-02
1.0775e+00 2.781e-02
1.0800e+00 2.862e-02
1.0825e+00 2.944e-02
1.0850e+00 3.028e-02
1.0875e+00 3.114e-02
1.0900e+00 3.201e-02
1.0925e+00 3.289e-02
1.0950e+00 3.379e-02
1.0975e+00 3.471e-02
1.1000e+00 3.564e-02
1.1025e+00 3.659e-02
1.1050e+00 3.755e-02
1.1075e+00 3.853e-02
1.1100e+00 3.953e-02
1.1125e+00 4.054e-02
1.1150e+00 4.156e-02
1.1175e+00 4.260e-02
1.1200e+00 4.365e-02
1.1225e+00 4.472e-02
1.1250e+00 4.581e-02
1.1275e+00 4.691e-02
1.1300e+00 4.802e-02
1.1325e+00 4.915e-02
1.1350e+00 5.029e-02
1.1375e+00 5.144e-02
1.1400e+00 5.261e-02
1.1425e+00 5.380e-02
1.1450e+00 5.500e-02
1.1475e+00 5.621e-02
1.1500e+00 5.743e-02
1.1525e+00 5.867e-02
1.1550e+00 5.992e-02
1.1575e+00 6.119e-02
1.1600e+00 6.246e-02
1.1625e+00 6.376e-02
1.1650e+00 6.506e-02
1.1675e+00 6.637e-02
1.1700e+00 6.770e-02
1.1725e+00 6.904e-02
1.1750e+00 7.040e-02
1.1775e+00 7.176e-02
1.1800e+00 7.314e-02
1.1825e+00 7.452e-02
1.1850e+00 7.592e-02
1.1875e+00 7.734e-02
1.1900e+00 7.876e-02
1.1925e+00 8.019e-02
1.1950e+00 8.164e-02
1.1975e+00 8.309e-02
1.2000e+00 8.456e-02
