0.0000e+00 -2.954e-40
2.5000e-03 7.201e-07
5.0000e-03 1.440e-06
7.5000e-03 2.159e-06
1.0000e-02 2.877e-06
1.2500e-02 3.594e-06
1.5000e-02 4.310e-06
1.7500e-02 5.026e-06
2.0000e-02 5.740e-06
2.2500e-02 6.454e-06
2.5000e-02 7.166e-06
2.7500e-02 7.877e-06
3.0000e-02 8.586e-06
3.2500e-02 9.294e-06
3.5000e-02 1.000e-05
3.7500e-02 1.071e-05
4.0000e-02 1.141e-05
4.2500e-02 1.211e-05
4.5000e-02 1.281e-05
4.7500e-02 1.350e-05
5.0000e-02 1.420e-05
5.2500e-02 1.489e-05
5.5000e-02 1.558e-05
5.7500e-02 1.626e-05
6.0000e-02 1.694e-05
6.2500e-02 1.762e-05
6.5000e-02 1.830e-05
6.7500e-02 1.896e-05
7.0000e-02 1.963e-05
7.2500e-02 2.029e-05
7.5000e-02 2.094e-05
7.7500e-02 2.158e-05
8.0000e-02 2.222e-05
8.2500e-02 2.285e-05
8.5000e-02 2.347e-05
8.7500e-02 2.408e-05
9.0000e-02 2.467e-05
9.2500e-02 2.525e-05
9.5000e-02 2.581e-05
9.7500e-02 2.635e-05
1.0000e-01 2.686e-05
1.0250e-01 2.734e-05
1.0500e-01 2.778e-05
1.0750e-01 2.817e-05
1.1000e-01 2.850e-05
1.1250e-01 2.874e-05
1.1500e-01 2.888e-05
1.1750e-01 2.887e-05
1.2000e-01 2.865e-05
1.2250e-01 2.814e-05
1.2500e-01 2.721e-05
1.2750e-01 2.569e-05
1.3000e-01 2.343e-05
1.3250e-01 2.044e-05
1.3500e-01 1.712e-05
1.3750e-01 1.405e-05
1.4000e-01 1.157e-05
1.4250e-01 9.692e-06
1.4500e-01 8.288e-06
1.4750e-01 7.225e-06
1.5000e-01 6.405e-06
1.5250e-01 5.759e-06
1.5500e-01 5.239e-06
1.5750e-01 4.814e-06
1.6000e-01 4.460e-06
1.6250e-01 4.161e-06
1.6500e-01 3.906e-06
1.6750e-01 3.686e-06
1.7000e-01 3.494e-06
1.7250e-01 3.325e-06
1.7500e-01 3.176e-06
1.7750e-01 3.043e-06
1.8000e-01 2.924e-06
1.8250e-01 2.816e-06
1.8500e-01 2.719e-06
1.8750e-01 2.630e-06
1.9000e-01 2.549e-06
1.9250e-01 2.475e-06
1.9500e-01 2.406e-06
1.9750e-01 2.343e-06
2.0000e-01 2.284e-06
2.0250e-01 2.230e-06
2.0500e-01 2.179e-06
2.0750e-01 2.132e-06
2.1000e-01 2.088e-06
2.1250e-01 2.047e-06
2.1500e-01 2.008e-06
2.1750e-01 1.971e-06
2.2000e-01 1.937e-06
2.2250e-01 1.904e-06
2.2500e-01 1.873e-06
2.2750e-01 1.844e-06
2.3000e-01 1.816e-06
2.3250e-01 1.790e-06
2.3500e-01 1.765e-06
2.3750e-01 1.741e-06
2.4000e-01 1.719e-06
2.4250e-01 1.697e-06
2.4500e-01 1.676e-06
2.4750e-01 1.657e-06
2.5000e-01 1.638e-06
2.5250e-01 1.620e-06
2.5500e-01 1.602e-06
2.5750e-01 1.586e-06
2.6000e-01 1.570e-06
2.6250e-01 1.554e-06
2.6500e-01 1.540e-06
2.6750e-01 1.526e-06
2.7000e-01 1.512e-06
2.7250e-01 1.499e-06
2.7500e-01 1.486e-06
2.7750e-01 1.474e-06
2.8000e-01 1.462e-06
2.8250e-01 1.451e-06
2.8500e-01 1.440e-06
2.8750e-01 1.429e-06
2.9000e-01 1.419e-06
2.9250e-01 1.409e-06
2.9500e-01 1.400e-06
2.9750e-01 1.391e-06
3.0000e-01 1.382e-06
3.0250e-01 1.373e-06
3.0500e-01 1.365e-06
3.0750e-01 1.356e-06
3.1000e-01 1.349e-06
3.1250e-01 1.341e-06
3.1500e-01 1.333e-06
3.1750e-01 1.326e-06
3.2000e-01 1.319e-06
3.2250e-01 1.312e-06
3.2500e-01 1.306e-06
3.2750e-01 1.299e-06
3.3000e-01 1.293e-06
3.3250e-01 1.287e-06
3.3500e-01 1.281e-06
3.3750e-01 1.276e-06
3.4000e-01 1.270e-06
3.4250e-01 1.265e-06
3.4500e-01 1.259e-06
3.4750e-01 1.254e-06
3.5000e-01 1.249e-06
3.5250e-01 1.244e-06
3.5500e-01 1.240e-06
3.5750e-01 1.235e-06
3.6000e-01 1.231e-06
3.6250e-01 1.226e-06
3.6500e-01 1.222e-06
3.6750e-01 1.218e-06
3.7000e-01 1.214e-06
3.7250e-01 1.210e-06
3.7500e-01 1.206e-06
3.7750e-01 1.203e-06
3.8000e-01 1.199e-06
3.8250e-01 1.195e-06
3.8500e-01 1.192e-06
3.8750e-01 1.189e-06
3.9000e-01 1.185e-06
3.9250e-01 1.182e-06
3.9500e-01 1.179e-06
3.9750e-01 1.176e-06
4.0000e-01 1.173e-06
4.0250e-01 1.170e-06
4.0500e-01 1.168e-06
4.0750e-01 1.165e-06
4.1000e-01 1.162e-06
4.1250e-01 1.160e-06
4.1500e-01 1.157e-06
4.1750e-01 1.155e-06
4.2000e-01 1.153e-06
4.2250e-01 1.150e-06
4.2500e-01 1.148e-06
4.2750e-01 1.146e-06
4.3000e-01 1.144e-06
4.3250e-01 1.142e-06
4.3500e-01 1.140e-06
4.3750e-01 1.138e-06
4.4000e-01 1.136e-06
4.4250e-01 1.134e-06
4.4500e-01 1.133e-06
4.4750e-01 1.131e-06
4.5000e-01 1.129e-06
4.5250e-01 1.128e-06
4.5500e-01 1.126e-06
4.5750e-01 1.124e-06
4.6000e-01 1.123e-06
4.6250e-01 1.122e-06
4.6500e-01 1.120e-06
4.6750e-01 1.119e-06
4.7000e-01 1.118e-06
4.7250e-01 1.116e-06
4.7500e-01 1.115e-06
4.7750e-01 1.114e-06
4.8000e-01 1.113e-06
4.8250e-01 1.112e-06
4.8500e-01 1.111e-06
4.8750e-01 1.110e-06
4.9000e-01 1.109e-06
4.9250e-01 1.108e-06
4.9500e-01 1.107e-06
4.9750e-01 1.107e-06
5.0000e-01 1.106e-06
5.0250e-01 1.105e-06
5.0500e-01 1.104e-06
5.0750e-01 1.104e-06
5.1000e-01 1.103e-06
5.1250e-01 1.103e-06
5.1500e-01 1.102e-06
5.1750e-01 1.102e-06
5.2000e-01 1.101e-06
5.2250e-01 1.101e-06
5.2500e-01 1.100e-06
5.2750e-01 1.100e-06
5.3000e-01 1.100e-06
5.3250e-01 1.099e-06
5.3500e-01 1.099e-06
5.3750e-01 1.099e-06
5.4000e-01 1.099e-06
5.4250e-01 1.099e-06
5.4500e-01 1.098e-06
5.4750e-01 1.098e-06
5.5000e-01 1.098e-06
5.5250e-01 1.098e-06
5.5500e-01 1.098e-06
5.5750e-01 1.098e-06
5.6000e-01 1.098e-06
5.6250e-01 1.099e-06
5.6500e-01 1.099e-06
5.6750e-01 1.099e-06
5.7000e-01 1.099e-06
5.7250e-01 1.099e-06
5.7500e-01 1.100e-06
5.7750e-01 1.100e-06
5.8000e-01 1.100e-06
5.8250e-01 1.101e-06
5.8500e-01 1.101e-06
5.8750e-01 1.101e-06
5.9000e-01 1.102e-06
5.9250e-01 1.102e-06
5.9500e-01 1.103e-06
5.9750e-01 1.103e-06
6.0000e-01 1.104e-06
6.0250e-01 1.105e-06
6.0500e-01 1.105e-06
6.0750e-01 1.106e-06
6.1000e-01 1.107e-06
6.1250e-01 1.107e-06
6.1500e-01 1.108e-06
6.1750e-01 1.109e-06
6.2000e-01 1.110e-06
6.2250e-01 1.111e-06
6.2500e-01 1.111e-06
6.2750e-01 1.112e-06
6.3000e-01 1.113e-06
6.3250e-01 1.114e-06
6.3500e-01 1.115e-06
6.3750e-01 1.116e-06
6.4000e-01 1.117e-06
6.4250e-01 1.118e-06
6.4500e-01 1.120e-06
6.4750e-01 1.121e-06
6.5000e-01 1.122e-06
6.5250e-01 1.123e-06
6.5500e-01 1.124e-06
6.5750e-01 1.126e-06
6.6000e-01 1.127e-06
6.6250e-01 1.128e-06
6.6500e-01 1.130e-06
6.6750e-01 1.131e-06
6.7000e-01 1.133e-06
6.7250e-01 1.134e-06
6.7500e-01 1.135e-06
6.7750e-01 1.137e-06
6.8000e-01 1.139e-06
6.8250e-01 1.140e-06
6.8500e-01 1.142e-06
6.8750e-01 1.143e-06
6.9000e-01 1.145e-06
6.9250e-01 1.147e-06
6.9500e-01 1.149e-06
6.9750e-01 1.150e-06
7.0000e-01 1.152e-06
7.0250e-01 1.154e-06
7.0500e-01 1.156e-06
7.0750e-01 1.158e-06
7.1000e-01 1.160e-06
7.1250e-01 1.162e-06
7.1500e-01 1.164e-06
7.1750e-01 1.166e-06
7.2000e-01 1.168e-06
7.2250e-01 1.170e-06
7.2500e-01 1.172e-06
7.2750e-01 1.175e-06
7.3000e-01 1.177e-06
7.3250e-01 1.179e-06
7.3500e-01 1.181e-06
7.3750e-01 1.184e-06
7.4000e-01 1.186e-06
7.4250e-01 1.188e-06
7.4500e-01 1.191e-06
7.4750e-01 1.193e-06
7.5000e-01 1.196e-06
7.5250e-01 1.198e-06
7.5500e-01 1.201e-06
7.5750e-01 1.204e-06
7.6000e-01 1.206e-06
7.6250e-01 1.209e-06
7.6500e-01 1.212e-06
7.6750e-01 1.215e-06
7.7000e-01 1.217e-06
7.7250e-01 1.220e-06
7.7500e-01 1.223e-06
7.7750e-01 1.226e-06
7.8000e-01 1.229e-06
7.8250e-01 1.232e-06
7.8500e-01 1.235e-06
7.8750e-01 1.238e-06
7.9000e-01 1.241e-06
7.9250e-01 1.245e-06
7.9500e-01 1.248e-06
7.9750e-01 1.251e-06
8.0000e-01 1.254e-06
8.0250e-01 1.258e-06
8.0500e-01 1.261e-06
8.0750e-01 1.265e-06
8.1000e-01 1.268e-06
8.1250e-01 1.272e-06
8.1500e-01 1.275e-06
8.1750e-01 1.279e-06
8.2000e-01 1.282e-06
8.2250e-01 1.286e-06
8.2500e-01 1.290e-06
8.2750e-01 1.294e-06
8.3000e-01 1.297e-06
8.3250e-01 1.301e-06
8.3500e-01 1.305e-06
8.3750e-01 1.309e-06
8.4000e-01 1.313e-06
8.4250e-01 1.317e-06
8.4500e-01 1.321e-06
8.4750e-01 1.326e-06
8.5000e-01 1.330e-06
8.5250e-01 1.334e-06
8.5500e-01 1.338e-06
8.5750e-01 1.343e-06
8.6000e-01 1.347e-06
8.6250e-01 1.352e-06
8.6500e-01 1.356e-06
8.6750e-01 1.361e-06
8.7000e-01 1.365e-06
8.7250e-01 1.370e-06
8.7500e-01 1.375e-06
8.7750e-01 1.380e-06
8.8000e-01 1.384e-06
8.8250e-01 1.389e-06
8.8500e-01 1.394e-06
8.8750e-01 1.399e-06
8.9000e-01 1.404e-06
8.9250e-01 1.409e-06
8.9500e-01 1.415e-06
8.9750e-01 1.420e-06
9.0000e-01 1.425e-06
9.0250e-01 1.430e-06
9.0500e-01 1.436e-06
9.0750e-01 1.441e-06
9.1000e-01 1.447e-06
9.1250e-01 1.452e-06
9.1500e-01 1.458e-06
9.1750e-01 1.464e-06
9.2000e-01 1.469e-06
9.2250e-01 1.475e-06
9.2500e-01 1.481e-06
9.2750e-01 1.487e-06
9.3000e-01 1.493e-06
9.3250e-01 1.499e-06
9.3500e-01 1.505e-06
9.3750e-01 1.512e-06
9.4000e-01 1.518e-06
9.4250e-01 1.524e-06
9.4500e-01 1.531e-06
9.4750e-01 1.537e-06
9.5000e-01 1.544e-06
9.5250e-01 1.550e-06
9.5500e-01 1.557e-06
9.5750e-01 1.564e-06
9.6000e-01 1.571e-06
9.6250e-01 1.578e-06
9.6500e-01 1.585e-06
9.6750e-01 1.592e-06
9.7000e-01 1.599e-06
9.7250e-01 1.606e-06
9.7500e-01 1.613e-06
9.7750e-01 1.621e-06
9.8000e-01 1.628e-06
9.8250e-01 1.636e-06
9.8500e-01 1.643e-06
9.8750e-01 1.651e-06
9.9000e-01 1.659e-06
9.9250e-01 1.667e-06
9.9500e-01 1.674e-06
9.9750e-01 1.682e-06
1.0000e+00 1.691e-06
1.0025e+00 1.699e-06
1.0050e+00 1.707e-06
1.0075e+00 1.715e-06
1.0100e+00 1.724e-06
1.0125e+00 1.732e-06
1.0150e+00 1.741e-06
1.0175e+00 1.749e-06
1.0200e+00 1.758e-06
1.0225e+00 1.767e-06
1.0250e+00 1.776e-06
1.0275e+00 1.785e-06
1.0300e+00 1.794e-06
1.0325e+00 1.804e-06
1.0350e+00 1.813e-06
1.0375e+00 1.822e-06
1.0400e+00 1.832e-06
1.0425e+00 1.841e-06
1.0450e+00 1.851e-06
1.0475e+00 1.861e-06
1.0500e+00 1.871e-06
1.0525e+00 1.881e-06
1.0550e+00 1.891e-06
1.0575e+00 1.901e-06
1.0600e+00 1.912e-06
1.0625e+00 1.922e-06
1.0650e+00 1.932e-06
1.0675e+00 1.943e-06
1.0700e+00 1.954e-06
1.0725e+00 1.965e-06
1.0750e+00 1.976e-06
1.0775e+00 1.987e-06
1.0800e+00 1.998e-06
1.0825e+00 2.009e-06
1.0850e+00 2.021e-06
1.0875e+00 2.032e-06
1.0900e+00 2.044e-06
1.0925e+00 2.056e-06
1.0950e+00 2.067e-06
1.0975e+00 2.079e-06
1.1000e+00 2.092e-06
1.1025e+00 2.104e-06
1.1050e+00 2.116e-06
1.1075e+00 2.129e-06
1.1100e+00 2.141e-06
1.1125e+00 2.154e-06
1.1150e+00 2.167e-06
1.1175e+00 2.180e-06
1.1200e+00 2.193e-06
1.1225e+00 2.206e-06
1.1250e+00 2.220e-06
1.1275e+00 2.233e-06
1.1300e+00 2.247e-06
1.1325e+00 2.261e-06
1.1350e+00 2.274e-06
1.1375e+00 2.289e-06
1.1400e+00 2.303e-06
1.1425e+00 2.317e-06
1.1450e+00 2.332e-06
1.1475e+00 2.346e-06
1.1500e+00 2.361e-06
1.1525e+00 2.376e-06
1.1550e+00 2.391e-06
1.1575e+00 2.406e-06
1.1600e+00 2.422e-06
1.1625e+00 2.437e-06
1.1650e+00 2.453e-06
1.1675e+00 2.469e-06
1.1700e+00 2.485e-06
1.1725e+00 2.501e-06
1.1750e+00 2.517e-06
1.1775e+00 2.534e-06
1.1800e+00 2.550e-06
1.1825e+00 2.567e-06
1.1850e+00 2.584e-06
1.1875e+00 2.601e-06
1.1900e+00 2.618e-06
1.1925e+00 2.636e-06
1.1950e+00 2.654e-06
1.1975e+00 2.671e-06
1.2000e+00 2.689e-06
