0.0000e+00 -3.197e-40
2.5000e-03 7.393e-07
5.0000e-03 1.478e-06
7.5000e-03 2.216e-06
1.0000e-02 2.953e-06
1.2500e-02 3.690e-06
1.5000e-02 4.425e-06
1.7500e-02 5.160e-06
2.0000e-02 5.893e-06
2.2500e-02 6.626e-06
2.5000e-02 7.357e-06
2.7500e-02 8.087e-06
3.0000e-02 8.815e-06
3.2500e-02 9.542e-06
3.5000e-02 1.027e-05
3.7500e-02 1.099e-05
4.0000e-02 1.171e-05
4.2500e-02 1.243e-05
4.5000e-02 1.315e-05
4.7500e-02 1.386e-05
5.0000e-02 1.458e-05
5.2500e-02 1.529e-05
5.5000e-02 1.599e-05
5.7500e-02 1.670e-05
6.0000e-02 1.740e-05
6.2500e-02 1.809e-05
6.5000e-02 1.878e-05
6.7500e-02 1.947e-05
7.0000e-02 2.015e-05
7.2500e-02 2.083e-05
7.5000e-02 2.150e-05
7.7500e-02 2.216e-05
8.0000e-02 2.281e-05
8.2500e-02 2.346e-05
8.5000e-02 2.409e-05
8.7500e-02 2.472e-05
9.0000e-02 2.533e-05
9.2500e-02 2.592e-05
9.5000e-02 2.650e-05
9.7500e-02 2.705e-05
1.0000e-01 2.757e-05
1.0250e-01 2.807e-05
1.0500e-01 2.852e-05
1.0750e-01 2.892e-05
1.1000e-01 2.926e-05
1.1250e-01 2.951e-05
1.1500e-01 2.965e-05
1.1750e-01 2.964e-05
1.2000e-01 2.941e-05
1.2250e-01 2.889e-05
1.2500e-01 2.793e-05
1.2750e-01 2.638e-05
1.3000e-01 2.405e-05
1.3250e-01 2.099e-05
1.3500e-01 1.757e-05
1.3750e-01 1.442e-05
1.4000e-01 1.188e-05
1.4250e-01 9.951e-06
1.4500e-01 8.509e-06
1.4750e-01 7.418e-06
1.5000e-01 6.576e-06
1.5250e-01 5.912e-06
1.5500e-01 5.379e-06
1.5750e-01 4.942e-06
1.6000e-01 4.579e-06
1.6250e-01 4.272e-06
1.6500e-01 4.010e-06
1.6750e-01 3.784e-06
1.7000e-01 3.587e-06
1.7250e-01 3.414e-06
1.7500e-01 3.261e-06
1.7750e-01 3.124e-06
1.8000e-01 3.002e-06
1.8250e-01 2.891e-06
1.8500e-01 2.791e-06
1.8750e-01 2.700e-06
1.9000e-01 2.617e-06
1.9250e-01 2.541e-06
1.9500e-01 2.470e-06
1.9750e-01 2.405e-06
2.0000e-01 2.345e-06
2.0250e-01 2.290e-06
2.0500e-01 2.238e-06
2.0750e-01 2.189e-06
2.1000e-01 2.144e-06
2.1250e-01 2.101e-06
2.1500e-01 2.061e-06
2.1750e-01 2.024e-06
2.2000e-01 1.988e-06
2.2250e-01 1.955e-06
2.2500e-01 1.923e-06
2.2750e-01 1.893e-06
2.3000e-01 1.865e-06
2.3250e-01 1.838e-06
2.3500e-01 1.812e-06
2.3750e-01 1.788e-06
2.4000e-01 1.764e-06
2.4250e-01 1.742e-06
2.4500e-01 1.721e-06
2.4750e-01 1.701e-06
2.5000e-01 1.681e-06
2.5250e-01 1.663e-06
2.5500e-01 1.645e-06
2.5750e-01 1.628e-06
2.6000e-01 1.612e-06
2.6250e-01 1.596e-06
2.6500e-01 1.581e-06
2.6750e-01 1.566e-06
2.7000e-01 1.552e-06
2.7250e-01 1.539e-06
2.7500e-01 1.526e-06
2.7750e-01 1.513e-06
2.8000e-01 1.501e-06
2.8250e-01 1.490e-06
2.8500e-01 1.478e-06
2.8750e-01 1.468e-06
2.9000e-01 1.457e-06
2.9250e-01 1.447e-06
2.9500e-01 1.437e-06
2.9750e-01 1.428e-06
3.0000e-01 1.418e-06
3.0250e-01 1.410e-06
3.0500e-01 1.401e-06
3.0750e-01 1.393e-06
3.1000e-01 1.384e-06
3.1250e-01 1.377e-06
3.1500e-01 1.369e-06
3.1750e-01 1.362e-06
3.2000e-01 1.354e-06
3.2250e-01 1.347e-06
3.2500e-01 1.341e-06
3.2750e-01 1.334e-06
3.3000e-01 1.328e-06
3.3250e-01 1.321e-06
3.3500e-01 1.315e-06
3.3750e-01 1.310e-06
3.4000e-01 1.304e-06
3.4250e-01 1.298e-06
3.4500e-01 1.293e-06
3.4750e-01 1.288e-06
3.5000e-01 1.283e-06
3.5250e-01 1.278e-06
3.5500e-01 1.273e-06
3.5750e-01 1.268e-06
3.6000e-01 1.263e-06
3.6250e-01 1.259e-06
3.6500e-01 1.255e-06
3.6750e-01 1.250e-06
3.7000e-01 1.246e-06
3.7250e-01 1.242e-06
3.7500e-01 1.238e-06
3.7750e-01 1.235e-06
3.8000e-01 1.231e-06
3.8250e-01 1.227e-06
3.8500e-01 1.224e-06
3.8750e-01 1.220e-06
3.9000e-01 1.217e-06
3.9250e-01 1.214e-06
3.9500e-01 1.211e-06
3.9750e-01 1.208e-06
4.0000e-01 1.205e-06
4.0250e-01 1.202e-06
4.0500e-01 1.199e-06
4.0750e-01 1.196e-06
4.1000e-01 1.193e-06
4.1250e-01 1.191e-06
4.1500e-01 1.188e-06
4.1750e-01 1.186e-06
4.2000e-01 1.183e-06
4.2250e-01 1.181e-06
4.2500e-01 1.179e-06
4.2750e-01 1.177e-06
4.3000e-01 1.174e-06
4.3250e-01 1.172e-06
4.3500e-01 1.170e-06
4.3750e-01 1.168e-06
4.4000e-01 1.166e-06
4.4250e-01 1.165e-06
4.4500e-01 1.163e-06
4.4750e-01 1.161e-06
4.5000e-01 1.159e-06
4.5250e-01 1.158e-06
4.5500e-01 1.156e-06
4.5750e-01 1.154e-06
4.6000e-01 1.153e-06
4.6250e-01 1.152e-06
4.6500e-01 1.150e-06
4.6750e-01 1.149e-06
4.7000e-01 1.148e-06
4.7250e-01 1.146e-06
4.7500e-01 1.145e-06
4.7750e-01 1.144e-06
4.8000e-01 1.143e-06
4.8250e-01 1.142e-06
4.8500e-01 1.141e-06
4.8750e-01 1.140e-06
4.9000e-01 1.139e-06
4.9250e-01 1.138e-06
4.9500e-01 1.137e-06
4.9750e-01 1.136e-06
5.0000e-01 1.135e-06
5.0250e-01 1.135e-06
5.0500e-01 1.134e-06
5.0750e-01 1.133e-06
5.1000e-01 1.133e-06
5.1250e-01 1.132e-06
5.1500e-01 1.131e-06
5.1750e-01 1.131e-06
5.2000e-01 1.131e-06
5.2250e-01 1.130e-06
5.2500e-01 1.130e-06
5.2750e-01 1.129e-06
5.3000e-01 1.129e-06
5.3250e-01 1.129e-06
5.3500e-01 1.128e-06
5.3750e-01 1.128e-06
5.4000e-01 1.128e-06
5.4250e-01 1.128e-06
5.4500e-01 1.128e-06
5.4750e-01 1.128e-06
5.5000e-01 1.128e-06
5.5250e-01 1.128e-06
5.5500e-01 1.128e-06
5.5750e-01 1.128e-06
5.6000e-01 1.128e-06
5.6250e-01 1.128e-06
5.6500e-01 1.128e-06
5.6750e-01 1.128e-06
5.7000e-01 1.128e-06
5.7250e-01 1.129e-06
5.7500e-01 1.129e-06
5.7750e-01 1.129e-06
5.8000e-01 1.130e-06
5.8250e-01 1.130e-06
5.8500e-01 1.130e-06
5.8750e-01 1.131e-06
5.9000e-01 1.131e-06
5.9250e-01 1.132e-06
5.9500e-01 1.132e-06
5.9750e-01 1.133e-06
6.0000e-01 1.133e-06
6.0250e-01 1.134e-06
6.0500e-01 1.135e-06
6.0750e-01 1.135e-06
6.1000e-01 1.136e-06
6.1250e-01 1.137e-06
6.1500e-01 1.138e-06
6.1750e-01 1.138e-06
6.2000e-01 1.139e-06
6.2250e-01 1.140e-06
6.2500e-01 1.141e-06
6.2750e-01 1.142e-06
6.3000e-01 1.143e-06
6.3250e-01 1.144e-06
6.3500e-01 1.145e-06
6.3750e-01 1.146e-06
6.4000e-01 1.147e-06
6.4250e-01 1.148e-06
6.4500e-01 1.149e-06
6.4750e-01 1.151e-06
6.5000e-01 1.152e-06
6.5250e-01 1.153e-06
6.5500e-01 1.154e-06
6.5750e-01 1.156e-06
6.6000e-01 1.157e-06
6.6250e-01 1.158e-06
6.6500e-01 1.160e-06
6.6750e-01 1.161e-06
6.7000e-01 1.163e-06
6.7250e-01 1.164e-06
6.7500e-01 1.166e-06
6.7750e-01 1.167e-06
6.8000e-01 1.169e-06
6.8250e-01 1.171e-06
6.8500e-01 1.172e-06
6.8750e-01 1.174e-06
6.9000e-01 1.176e-06
6.9250e-01 1.177e-06
6.9500e-01 1.179e-06
6.9750e-01 1.181e-06
7.0000e-01 1.183e-06
7.0250e-01 1.185e-06
7.0500e-01 1.187e-06
7.0750e-01 1.189e-06
7.1000e-01 1.191e-06
7.1250e-01 1.193e-06
7.1500e-01 1.195e-06
7.1750e-01 1.197e-06
7.2000e-01 1.199e-06
7.2250e-01 1.201e-06
7.2500e-01 1.204e-06
7.2750e-01 1.206e-06
7.3000e-01 1.208e-06
7.3250e-01 1.210e-06
7.3500e-01 1.213e-06
7.3750e-01 1.215e-06
7.4000e-01 1.218e-06
7.4250e-01 1.220e-06
7.4500e-01 1.223e-06
7.4750e-01 1.225e-06
7.5000e-01 1.228e-06
7.5250e-01 1.230e-06
7.5500e-01 1.233e-06
7.5750e-01 1.236e-06
7.6000e-01 1.239e-06
7.6250e-01 1.241e-06
7.6500e-01 1.244e-06
7.6750e-01 1.247e-06
7.7000e-01 1.250e-06
7.7250e-01 1.253e-06
7.7500e-01 1.256e-06
7.7750e-01 1.259e-06
7.8000e-01 1.262e-06
7.8250e-01 1.265e-06
7.8500e-01 1.268e-06
7.8750e-01 1.271e-06
7.9000e-01 1.274e-06
7.9250e-01 1.278e-06
7.9500e-01 1.281e-06
7.9750e-01 1.284e-06
8.0000e-01 1.288e-06
8.0250e-01 1.291e-06
8.0500e-01 1.295e-06
8.0750e-01 1.298e-06
8.1000e-01 1.302e-06
8.1250e-01 1.305e-06
8.1500e-01 1.309e-06
8.1750e-01 1.313e-06
8.2000e-01 1.317e-06
8.2250e-01 1.320e-06
8.2500e-01 1.324e-06
8.2750e-01 1.328e-06
8.3000e-01 1.332e-06
8.3250e-01 1.336e-06
8.3500e-01 1.340e-06
8.3750e-01 1.344e-06
8.4000e-01 1.348e-06
8.4250e-01 1.352e-06
8.4500e-01 1.357e-06
8.4750e-01 1.361e-06
8.5000e-01 1.365e-06
8.5250e-01 1.370e-06
8.5500e-01 1.374e-06
8.5750e-01 1.379e-06
8.6000e-01 1.383e-06
8.6250e-01 1.388e-06
8.6500e-01 1.392e-06
8.6750e-01 1.397e-06
8.7000e-01 1.402e-06
8.7250e-01 1.407e-06
8.7500e-01 1.411e-06
8.7750e-01 1.416e-06
8.8000e-01 1.421e-06
8.8250e-01 1.426e-06
8.8500e-01 1.431e-06
8.8750e-01 1.436e-06
8.9000e-01 1.442e-06
8.9250e-01 1.447e-06
8.9500e-01 1.452e-06
8.9750e-01 1.458e-06
9.0000e-01 1.463e-06
9.0250e-01 1.469e-06
9.0500e-01 1.474e-06
9.0750e-01 1.480e-06
9.1000e-01 1.485e-06
9.1250e-01 1.491e-06
9.1500e-01 1.497e-06
9.1750e-01 1.503e-06
9.2000e-01 1.509e-06
9.2250e-01 1.515e-06
9.2500e-01 1.521e-06
9.2750e-01 1.527e-06
9.3000e-01 1.533e-06
9.3250e-01 1.539e-06
9.3500e-01 1.546e-06
9.3750e-01 1.552e-06
9.4000e-01 1.558e-06
9.4250e-01 1.565e-06
9.4500e-01 1.572e-06
9.4750e-01 1.578e-06
9.5000e-01 1.585e-06
9.5250e-01 1.592e-06
9.5500e-01 1.599e-06
9.5750e-01 1.606e-06
9.6000e-01 1.613e-06
9.6250e-01 1.620e-06
9.6500e-01 1.627e-06
9.6750e-01 1.634e-06
9.7000e-01 1.641e-06
9.7250e-01 1.649e-06
9.7500e-01 1.656e-06
9.7750e-01 1.664e-06
9.8000e-01 1.672e-06
9.8250e-01 1.679e-06
9.8500e-01 1.687e-06
9.8750e-01 1.695e-06
9.9000e-01 1.703e-06
9.9250e-01 1.711e-06
9.9500e-01 1.719e-06
9.9750e-01 1.727e-06
1.0000e+00 1.736e-06
1.0025e+00 1.744e-06
1.0050e+00 1.752e-06
1.0075e+00 1.761e-06
1.0100e+00 1.770e-06
1.0125e+00 1.778e-06
1.0150e+00 1.787e-06
1.0175e+00 1.796e-06
1.0200e+00 1.805e-06
1.0225e+00 1.814e-06
1.0250e+00 1.823e-06
1.0275e+00 1.833e-06
1.0300e+00 1.842e-06
1.0325e+00 1.852e-06
1.0350e+00 1.861e-06
1.0375e+00 1.871e-06
1.0400e+00 1.881e-06
1.0425e+00 1.891e-06
1.0450e+00 1.900e-06
1.0475e+00 1.911e-06
1.0500e+00 1.921e-06
1.0525e+00 1.931e-06
1.0550e+00 1.941e-06
1.0575e+00 1.952e-06
1.0600e+00 1.962e-06
1.0625e+00 1.973e-06
1.0650e+00 1.984e-06
1.0675e+00 1.995e-06
1.0700e+00 2.006e-06
1.0725e+00 2.017e-06
1.0750e+00 2.028e-06
1.0775e+00 2.040e-06
1.0800e+00 2.051e-06
1.0825e+00 2.063e-06
1.0850e+00 2.075e-06
1.0875e+00 2.086e-06
1.0900e+00 2.098e-06
1.0925e+00 2.110e-06
1.0950e+00 2.123e-06
1.0975e+00 2.135e-06
1.1000e+00 2.147e-06
1.1025e+00 2.160e-06
1.1050e+00 2.173e-06
1.1075e+00 2.185e-06
1.1100e+00 2.198e-06
1.1125e+00 2.211e-06
1.1150e+00 2.225e-06
1.1175e+00 2.238e-06
1.1200e+00 2.251e-06
1.1225e+00 2.265e-06
1.1250e+00 2.279e-06
1.1275e+00 2.293e-06
1.1300e+00 2.307e-06
1.1325e+00 2.321e-06
1.1350e+00 2.335e-06
1.1375e+00 2.350e-06
1.1400e+00 2.364e-06
1.1425e+00 2.379e-06
1.1450e+00 2.394e-06
1.1475e+00 2.409e-06
1.1500e+00 2.424e-06
1.1525e+00 2.439e-06
1.1550e+00 2.455e-06
1.1575e+00 2.470e-06
1.1600e+00 2.486e-06
1.1625e+00 2.502e-06
1.1650e+00 2.518e-06
1.1675e+00 2.534e-06
1.1700e+00 2.551e-06
1.1725e+00 2.567e-06
1.1750e+00 2.584e-06
1.1775e+00 2.601e-06
1.1800e+00 2.618e-06
1.1825e+00 2.635e-06
1.1850e+00 2.653e-06
1.1875e+00 2.670e-06
1.1900e+00 2.688e-06
1.1925e+00 2.706e-06
1.1950e+00 2.724e-06
1.1975e+00 2.743e-06
1.2000e+00 2.761e-06
