0.0000e+00 -6.705e-39
2.5000e-03 2.039e-06
5.0000e-03 4.078e-06
7.5000e-03 6.117e-06
1.0000e-02 8.157e-06
1.2500e-02 1.020e-05
1.5000e-02 1.225e-05
1.7500e-02 1.430e-05
2.0000e-02 1.635e-05
2.2500e-02 1.841e-05
2.5000e-02 2.048e-05
2.7500e-02 2.256e-05
3.0000e-02 2.464e-05
3.2500e-02 2.673e-05
3.5000e-02 2.883e-05
3.7500e-02 3.095e-05
4.0000e-02 3.307e-05
4.2500e-02 3.520e-05
4.5000e-02 3.735e-05
4.7500e-02 3.951e-05
5.0000e-02 4.168e-05
5.2500e-02 4.386e-05
5.5000e-02 4.606e-05
5.7500e-02 4.827e-05
6.0000e-02 5.049e-05
6.2500e-02 5.272e-05
6.5000e-02 5.497e-05
6.7500e-02 5.723e-05
7.0000e-02 5.951e-05
7.2500e-02 6.179e-05
7.5000e-02 6.408e-05
7.7500e-02 6.639e-05
8.0000e-02 6.870e-05
8.2500e-02 7.103e-05
8.5000e-02 7.335e-05
8.7500e-02 7.569e-05
9.0000e-02 7.803e-05
9.2500e-02 8.037e-05
9.5000e-02 8.270e-05
9.7500e-02 8.504e-05
1.0000e-01 8.736e-05
1.0250e-01 8.968e-05
1.0500e-01 9.198e-05
1.0750e-01 9.426e-05
1.1000e-01 9.652e-05
1.1250e-01 9.873e-05
1.1500e-01 1.009e-04
1.1750e-01 1.030e-04
1.2000e-01 1.051e-04
1.2250e-01 1.071e-04
1.2500e-01 1.089e-04
1.2750e-01 1.107e-04
1.3000e-01 1.123e-04
1.3250e-01 1.137e-04
1.3500e-01 1.148e-04
1.3750e-01 1.156e-04
1.4000e-01 1.160e-04
1.4250e-01 1.159e-04
1.4500e-01 1.151e-04
1.4750e-01 1.134e-04
1.5000e-01 1.106e-04
1.5250e-01 1.063e-04
1.5500e-01 1.003e-04
1.5750e-01 9.266e-05
1.6000e-01 8.365e-05
1.6250e-01 7.410e-05
1.6500e-01 6.494e-05
1.6750e-01 5.681e-05
1.7000e-01 4.996e-05
1.7250e-01 4.432e-05
1.7500e-01 3.972e-05
1.7750e-01 3.595e-05
1.8000e-01 3.284e-05
1.8250e-01 3.026e-05
1.8500e-01 2.809e-05
1.8750e-01 2.624e-05
1.9000e-01 2.465e-05
1.9250e-01 2.328e-05
1.9500e-01 2.208e-05
1.9750e-01 2.103e-05
2.0000e-01 2.010e-05
2.0250e-01 1.927e-05
2.0500e-01 1.853e-05
2.0750e-01 1.786e-05
2.1000e-01 1.726e-05
2.1250e-01 1.671e-05
2.1500e-01 1.621e-05
2.1750e-01 1.575e-05
2.2000e-01 1.533e-05
2.2250e-01 1.494e-05
2.2500e-01 1.458e-05
2.2750e-01 1.425e-05
2.3000e-01 1.394e-05
2.3250e-01 1.365e-05
2.3500e-01 1.339e-05
2.3750e-01 1.314e-05
2.4000e-01 1.290e-05
2.4250e-01 1.268e-05
2.4500e-01 1.248e-05
2.4750e-01 1.228e-05
2.5000e-01 1.210e-05
2.5250e-01 1.193e-05
2.5500e-01 1.177e-05
2.5750e-01 1.161e-05
2.6000e-01 1.147e-05
2.6250e-01 1.133e-05
2.6500e-01 1.120e-05
2.6750e-01 1.108e-05
2.7000e-01 1.096e-05
2.7250e-01 1.085e-05
2.7500e-01 1.074e-05
2.7750e-01 1.064e-05
2.8000e-01 1.055e-05
2.8250e-01 1.046e-05
2.8500e-01 1.037e-05
2.8750e-01 1.029e-05
2.9000e-01 1.021e-05
2.9250e-01 1.014e-05
2.9500e-01 1.007e-05
2.9750e-01 9.999e-06
3.0000e-01 9.935e-06
3.0250e-01 9.875e-06
3.0500e-01 9.818e-06
3.0750e-01 9.765e-06
3.1000e-01 9.714e-06
3.1250e-01 9.666e-06
3.1500e-01 9.620e-06
3.1750e-01 9.578e-06
3.2000e-01 9.538e-06
3.2250e-01 9.501e-06
3.2500e-01 9.466e-06
3.2750e-01 9.434e-06
3.3000e-01 9.404e-06
3.3250e-01 9.377e-06
3.3500e-01 9.352e-06
3.3750e-01 9.330e-06
3.4000e-01 9.310e-06
3.4250e-01 9.292e-06
3.4500e-01 9.277e-06
3.4750e-01 9.264e-06
3.5000e-01 9.253e-06
3.5250e-01 9.245e-06
3.5500e-01 9.239e-06
3.5750e-01 9.236e-06
3.6000e-01 9.235e-06
3.6250e-01 9.237e-06
3.6500e-01 9.241e-06
3.6750e-01 9.248e-06
3.7000e-01 9.257e-06
3.7250e-01 9.269e-06
3.7500e-01 9.284e-06
3.7750e-01 9.301e-06
3.8000e-01 9.321e-06
3.8250e-01 9.344e-06
3.8500e-01 9.370e-06
3.8750e-01 9.400e-06
3.9000e-01 9.432e-06
3.9250e-01 9.467e-06
3.9500e-01 9.506e-06
3.9750e-01 9.548e-06
4.0000e-01 9.593e-06
4.0250e-01 9.642e-06
4.0500e-01 9.695e-06
4.0750e-01 9.752e-06
4.1000e-01 9.813e-06
4.1250e-01 9.877e-06
4.1500e-01 9.946e-06
4.1750e-01 1.002e-05
4.2000e-01 1.010e-05
4.2250e-01 1.018e-05
4.2500e-01 1.027e-05
4.2750e-01 1.036e-05
4.3000e-01 1.046e-05
4.3250e-01 1.056e-05
4.3500e-01 1.067e-05
4.3750e-01 1.079e-05
4.4000e-01 1.091e-05
4.4250e-01 1.103e-05
4.4500e-01 1.117e-05
4.4750e-01 1.131e-05
4.5000e-01 1.146e-05
4.5250e-01 1.161e-05
4.5500e-01 1.178e-05
4.5750e-01 1.195e-05
4.6000e-01 1.213e-05
4.6250e-01 1.231e-05
4.6500e-01 1.251e-05
4.6750e-01 1.272e-05
4.7000e-01 1.294e-05
4.7250e-01 1.316e-05
4.7500e-01 1.340e-05
4.7750e-01 1.365e-05
4.8000e-01 1.391e-05
4.8250e-01 1.418e-05
4.8500e-01 1.447e-05
4.8750e-01 1.477e-05
4.9000e-01 1.508e-05
4.9250e-01 1.540e-05
4.9500e-01 1.574e-05
4.9750e-01 1.610e-05
5.0000e-01 1.647e-05
5.0250e-01 1.686e-05
5.0500e-01 1.727e-05
5.0750e-01 1.770e-05
5.1000e-01 1.814e-05
5.1250e-01 1.860e-05
5.1500e-01 1.909e-05
5.1750e-01 1.960e-05
5.2000e-01 2.012e-05
5.2250e-01 2.068e-05
5.2500e-01 2.125e-05
5.2750e-01 2.186e-05
5.3000e-01 2.248e-05
5.3250e-01 2.314e-05
5.3500e-01 2.383e-05
5.3750e-01 2.454e-05
5.4000e-01 2.529e-05
5.4250e-01 2.607e-05
5.4500e-01 2.689e-05
5.4750e-01 2.774e-05
5.5000e-01 2.862e-05
5.5250e-01 2.955e-05
5.5500e-01 3.052e-05
5.5750e-01 3.152e-05
5.6000e-01 3.258e-05
5.6250e-01 3.368e-05
5.6500e-01 3.482e-05
5.6750e-01 3.602e-05
5.7000e-01 3.727e-05
5.7250e-01 3.857e-05
5.7500e-01 3.993e-05
5.7750e-01 4.135e-05
5.8000e-01 4.283e-05
5.8250e-01 4.438e-05
5.8500e-01 4.599e-05
5.8750e-01 4.767e-05
5.9000e-01 4.942e-05
5.9250e-01 5.126e-05
5.9500e-01 5.317e-05
5.9750e-01 5.516e-05
6.0000e-01 5.724e-05
6.0250e-01 5.941e-05
6.0500e-01 6.167e-05
6.0750e-01 6.403e-05
6.1000e-01 6.650e-05
6.1250e-01 6.907e-05
6.1500e-01 7.175e-05
6.1750e-01 7.454e-05
6.2000e-01 7.746e-05
6.2250e-01 8.051e-05
6.2500e-01 8.368e-05
6.2750e-01 8.700e-05
6.3000e-01 9.045e-05
6.3250e-01 9.406e-05
6.3500e-01 9.782e-05
6.3750e-01 1.017e-04
6.4000e-01 1.058e-04
6.4250e-01 1.101e-04
6.4500e-01 1.146e-04
6.4750e-01 1.192e-04
6.5000e-01 1.240e-04
6.5250e-01 1.291e-04
6.5500e-01 1.344e-04
6.5750e-01 1.399e-04
6.6000e-01 1.456e-04
6.6250e-01 1.516e-04
6.6500e-01 1.578e-04
6.6750e-01 1.643e-04
6.7000e-01 1.711e-04
6.7250e-01 1.782e-04
6.7500e-01 1.856e-04
6.7750e-01 1.933e-04
6.8000e-01 2.013e-04
6.8250e-01 2.097e-04
6.8500e-01 2.184e-04
6.8750e-01 2.275e-04
6.9000e-01 2.370e-04
6.9250e-01 2.469e-04
6.9500e-01 2.572e-04
6.9750e-01 2.680e-04
7.0000e-01 2.792e-04
7.0250e-01 2.910e-04
7.0500e-01 3.032e-04
7.0750e-01 3.159e-04
7.1000e-01 3.292e-04
7.1250e-01 3.431e-04
7.1500e-01 3.575e-04
7.1750e-01 3.726e-04
7.2000e-01 3.883e-04
7.2250e-01 4.046e-04
7.2500e-01 4.217e-04
7.2750e-01 4.395e-04
7.3000e-01 4.580e-04
7.3250e-01 4.774e-04
7.3500e-01 4.975e-04
7.3750e-01 5.186e-04
7.4000e-01 5.405e-04
7.4250e-01 5.633e-04
7.4500e-01 5.871e-04
7.4750e-01 6.119e-04
7.5000e-01 6.378e-04
7.5250e-01 6.648e-04
7.5500e-01 6.929e-04
7.5750e-01 7.221e-04
7.6000e-01 7.527e-04
7.6250e-01 7.845e-04
7.6500e-01 8.176e-04
7.6750e-01 8.521e-04
7.7000e-01 8.881e-04
7.7250e-01 9.256e-04
7.7500e-01 9.646e-04
7.7750e-01 1.005e-03
7.8000e-01 1.048e-03
7.8250e-01 1.092e-03
7.8500e-01 1.138e-03
7.8750e-01 1.186e-03
7.9000e-01 1.236e-03
7.9250e-01 1.288e-03
7.9500e-01 1.342e-03
7.9750e-01 1.398e-03
8.0000e-01 1.457e-03
8.0250e-01 1.518e-03
8.0500e-01 1.581e-03
8.0750e-01 1.647e-03
8.1000e-01 1.716e-03
8.1250e-01 1.788e-03
8.1500e-01 1.863e-03
8.1750e-01 1.940e-03
8.2000e-01 2.021e-03
8.2250e-01 2.105e-03
8.2500e-01 2.192e-03
8.2750e-01 2.283e-03
8.3000e-01 2.378e-03
8.3250e-01 2.476e-03
8.3500e-01 2.578e-03
8.3750e-01 2.685e-03
8.4000e-01 2.795e-03
8.4250e-01 2.910e-03
8.4500e-01 3.029e-03
8.4750e-01 3.153e-03
8.5000e-01 3.282e-03
8.5250e-01 3.415e-03
8.5500e-01 3.554e-03
8.5750e-01 3.698e-03
8.6000e-01 3.848e-03
8.6250e-01 4.004e-03
8.6500e-01 4.165e-03
8.6750e-01 4.332e-03
8.7000e-01 4.506e-03
8.7250e-01 4.686e-03
8.7500e-01 4.872e-03
8.7750e-01 5.066e-03
8.8000e-01 5.267e-03
8.8250e-01 5.474e-03
8.8500e-01 5.690e-03
8.8750e-01 5.913e-03
8.9000e-01 6.144e-03
8.9250e-01 6.383e-03
8.9500e-01 6.631e-03
8.9750e-01 6.887e-03
9.0000e-01 7.152e-03
9.0250e-01 7.426e-03
9.0500e-01 7.709e-03
9.0750e-01 8.002e-03
9.1000e-01 8.305e-03
9.1250e-01 8.618e-03
9.1500e-01 8.941e-03
9.1750e-01 9.274e-03
9.2000e-01 9.618e-03
9.2250e-01 9.973e-03
9.2500e-01 1.034e-02
9.2750e-01 1.072e-02
9.3000e-01 1.111e-02
9.3250e-01 1.151e-02
9.3500e-01 1.192e-02
9.3750e-01 1.235e-02
9.4000e-01 1.278e-02
9.4250e-01 1.323e-02
9.4500e-01 1.370e-02
9.4750e-01 1.417e-02
9.5000e-01 1.466e-02
9.5250e-01 1.517e-02
9.5500e-01 1.568e-02
9.5750e-01 1.622e-02
9.6000e-01 1.676e-02
9.6250e-01 1.732e-02
9.6500e-01 1.789e-02
9.6750e-01 1.848e-02
9.7000e-01 1.908e-02
9.7250e-01 1.970e-02
9.7500e-01 2.033e-02
9.7750e-01 2.098e-02
9.8000e-01 2.164e-02
9.8250e-01 2.232e-02
9.8500e-01 2.301e-02
9.8750e-01 2.372e-02
9.9000e-01 2.444e-02
9.9250e-01 2.518e-02
9.9500e-01 2.593e-02
9.9750e-01 2.670e-02
1.0000e+00 2.749e-02
1.0025e+00 2.829e-02
1.0050e+00 2.911e-02
1.0075e+00 2.994e-02
1.0100e+00 3.079e-02
1.0125e+00 3.165e-02
1.0150e+00 3.253e-02
1.0175e+00 3.343e-02
1.0200e+00 3.434e-02
1.0225e+00 3.526e-02
1.0250e+00 3.620e-02
1.0275e+00 3.716e-02
1.0300e+00 3.813e-02
1.0325e+00 3.912e-02
1.0350e+00 4.012e-02
1.0375e+00 4.114e-02
1.0400e+00 4.218e-02
1.0425e+00 4.322e-02
1.0450e+00 4.429e-02
1.0475e+00 4.536e-02
1.0500e+00 4.646e-02
1.0525e+00 4.756e-02
1.0550e+00 4.869e-02
1.0575e+00 4.982e-02
1.0600e+00 5.097e-02
1.0625e+00 5.214e-02
1.0650e+00 5.331e-02
1.0675e+00 5.451e-02
1.0700e+00 5.571e-02
1.0725e+00 5.693e-02
1.0750e+00 5.816e-02
1.0775e+00 5.941e-02
1.0800e+00 6.067e-02
1.0825e+00 6.194e-02
1.0850e+00 6.323e-02
1.0875e+00 6.453e-02
1.0900e+00 6.584e-02
1.0925e+00 6.716e-02
1.0950e+00 6.850e-02
1.0975e+00 6.984e-02
1.1000e+00 7.120e-02
1.1025e+00 7.257e-02
1.1050e+00 7.396e-02
1.1075e+00 7.535e-02
1.1100e+00 7.676e-02
1.1125e+00 7.818e-02
1.1150e+00 7.961e-02
1.1175e+00 8.105e-02
1.1200e+00 8.250e-02
1.1225e+00 8.396e-02
1.1250e+00 8.543e-02
1.1275e+00 8.691e-02
1.1300e+00 8.840e-02
1.1325e+00 8.991e-02
1.1350e+00 9.142e-02
1.1375e+00 9.294e-02
1.1400e+00 9.448e-02
1.1425e+00 9.602e-02
1.1450e+00 9.757e-02
1.1475e+00 9.913e-02
1.1500e+00 1.007e-01
1.1525e+00 1.023e-01
1.1550e+00 1.039e-01
1.1575e+00 1.055e-01
1.1600e+00 1.071e-01
1.1625e+00 1.087e-01
1.1650e+00 1.103e-01
1.1675e+00 1.119e-01
1.1700e+00 1.136e-01
1.1725e+00 1.152e-01
1.1750e+00 1.169e-01
1.1775e+00 1.186e-01
1.1800e+00 1.202e-01
1.1825e+00 1.219e-01
1.1850e+00 1.236e-01
1.1875e+00 1.253e-01
1.1900e+00 1.270e-01
1.1925e+00 1.287e-01
1.1950e+00 1.304e-01
1.1975e+00 1.321e-01
1.2000e+00 1.339e-01
