0.0000e+00 -1.157e-38
2.5000e-03 2.446e-06
5.0000e-03 4.891e-06
7.5000e-03 7.336e-06
1.0000e-02 9.783e-06
1.2500e-02 1.223e-05
1.5000e-02 1.469e-05
1.7500e-02 1.715e-05
2.0000e-02 1.961e-05
2.2500e-02 2.208e-05
2.5000e-02 2.456e-05
2.7500e-02 2.705e-05
3.0000e-02 2.955e-05
3.2500e-02 3.206e-05
3.5000e-02 3.458e-05
3.7500e-02 3.711e-05
4.0000e-02 3.966e-05
4.2500e-02 4.222e-05
4.5000e-02 4.480e-05
4.7500e-02 4.738e-05
5.0000e-02 4.999e-05
5.2500e-02 5.261e-05
5.5000e-02 5.524e-05
5.7500e-02 5.789e-05
6.0000e-02 6.055e-05
6.2500e-02 6.323e-05
6.5000e-02 6.593e-05
6.7500e-02 6.864e-05
7.0000e-02 7.137e-05
7.2500e-02 7.411e-05
7.5000e-02 7.686e-05
7.7500e-02 7.962e-05
8.0000e-02 8.240e-05
8.2500e-02 8.518e-05
8.5000e-02 8.798e-05
8.7500e-02 9.077e-05
9.0000e-02 9.358e-05
9.2500e-02 9.638e-05
9.5000e-02 9.919e-05
9.7500e-02 1.020e-04
1.0000e-01 1.048e-04
1.0250e-01 1.076e-04
1.0500e-01 1.103e-04
1.0750e-01 1.131e-04
1.1000e-01 1.158e-04
1.1250e-01 1.184e-04
1.1500e-01 1.210e-04
1.1750e-01 1.236e-04
1.2000e-01 1.260e-04
1.2250e-01 1.284e-04
1.2500e-01 1.307e-04
1.2750e-01 1.327e-04
1.3000e-01 1.346e-04
1.3250e-01 1.363e-04
1.3500e-01 1.377e-04
1.3750e-01 1.387e-04
1.4000e-01 1.392e-04
1.4250e-01 1.390e-04
1.4500e-01 1.381e-04
1.4750e-01 1.361e-04
1.5000e-01 1.327e-04
1.5250e-01 1.275e-04
1.5500e-01 1.204e-04
1.5750e-01 1.112e-04
1.6000e-01 1.004e-04
1.6250e-01 8.895e-05
1.6500e-01 7.795e-05
1.6750e-01 6.819e-05
1.7000e-01 5.996e-05
1.7250e-01 5.319e-05
1.7500e-01 4.766e-05
1.7750e-01 4.314e-05
1.8000e-01 3.941e-05
1.8250e-01 3.630e-05
1.8500e-01 3.369e-05
1.8750e-01 3.148e-05
1.9000e-01 2.958e-05
1.9250e-01 2.793e-05
1.9500e-01 2.649e-05
1.9750e-01 2.523e-05
2.0000e-01 2.411e-05
2.0250e-01 2.312e-05
2.0500e-01 2.223e-05
2.0750e-01 2.143e-05
2.1000e-01 2.070e-05
2.1250e-01 2.004e-05
2.1500e-01 1.944e-05
2.1750e-01 1.889e-05
2.2000e-01 1.839e-05
2.2250e-01 1.792e-05
2.2500e-01 1.749e-05
2.2750e-01 1.709e-05
2.3000e-01 1.672e-05
2.3250e-01 1.638e-05
2.3500e-01 1.606e-05
2.3750e-01 1.576e-05
2.4000e-01 1.548e-05
2.4250e-01 1.521e-05
2.4500e-01 1.497e-05
2.4750e-01 1.474e-05
2.5000e-01 1.452e-05
2.5250e-01 1.431e-05
2.5500e-01 1.411e-05
2.5750e-01 1.393e-05
2.6000e-01 1.376e-05
2.6250e-01 1.359e-05
2.6500e-01 1.344e-05
2.6750e-01 1.329e-05
2.7000e-01 1.315e-05
2.7250e-01 1.301e-05
2.7500e-01 1.289e-05
2.7750e-01 1.277e-05
2.8000e-01 1.265e-05
2.8250e-01 1.254e-05
2.8500e-01 1.244e-05
2.8750e-01 1.234e-05
2.9000e-01 1.225e-05
2.9250e-01 1.216e-05
2.9500e-01 1.207e-05
2.9750e-01 1.199e-05
3.0000e-01 1.192e-05
3.0250e-01 1.185e-05
3.0500e-01 1.178e-05
3.0750e-01 1.171e-05
3.1000e-01 1.165e-05
3.1250e-01 1.159e-05
3.1500e-01 1.154e-05
3.1750e-01 1.149e-05
3.2000e-01 1.144e-05
3.2250e-01 1.140e-05
3.2500e-01 1.135e-05
3.2750e-01 1.132e-05
3.3000e-01 1.128e-05
3.3250e-01 1.125e-05
3.3500e-01 1.122e-05
3.3750e-01 1.119e-05
3.4000e-01 1.117e-05
3.4250e-01 1.115e-05
3.4500e-01 1.113e-05
3.4750e-01 1.111e-05
3.5000e-01 1.110e-05
3.5250e-01 1.109e-05
3.5500e-01 1.108e-05
3.5750e-01 1.108e-05
3.6000e-01 1.108e-05
3.6250e-01 1.108e-05
3.6500e-01 1.109e-05
3.6750e-01 1.109e-05
3.7000e-01 1.110e-05
3.7250e-01 1.112e-05
3.7500e-01 1.114e-05
3.7750e-01 1.116e-05
3.8000e-01 1.118e-05
3.8250e-01 1.121e-05
3.8500e-01 1.124e-05
3.8750e-01 1.128e-05
3.9000e-01 1.131e-05
3.9250e-01 1.136e-05
3.9500e-01 1.140e-05
3.9750e-01 1.145e-05
4.0000e-01 1.151e-05
4.0250e-01 1.157e-05
4.0500e-01 1.163e-05
4.0750e-01 1.170e-05
4.1000e-01 1.177e-05
4.1250e-01 1.185e-05
4.1500e-01 1.193e-05
4.1750e-01 1.202e-05
4.2000e-01 1.211e-05
4.2250e-01 1.221e-05
4.2500e-01 1.232e-05
4.2750e-01 1.243e-05
4.3000e-01 1.255e-05
4.3250e-01 1.267e-05
4.3500e-01 1.280e-05
4.3750e-01 1.294e-05
4.4000e-01 1.308e-05
4.4250e-01 1.324e-05
4.4500e-01 1.340e-05
4.4750e-01 1.357e-05
4.5000e-01 1.374e-05
4.5250e-01 1.393e-05
4.5500e-01 1.413e-05
4.5750e-01 1.433e-05
4.6000e-01 1.455e-05
4.6250e-01 1.477e-05
4.6500e-01 1.501e-05
4.6750e-01 1.526e-05
4.7000e-01 1.552e-05
4.7250e-01 1.579e-05
4.7500e-01 1.607e-05
4.7750e-01 1.637e-05
4.8000e-01 1.669e-05
4.8250e-01 1.701e-05
4.8500e-01 1.735e-05
4.8750e-01 1.771e-05
4.9000e-01 1.809e-05
4.9250e-01 1.848e-05
4.9500e-01 1.889e-05
4.9750e-01 1.931e-05
5.0000e-01 1.976e-05
5.0250e-01 2.023e-05
5.0500e-01 2.072e-05
5.0750e-01 2.123e-05
5.1000e-01 2.176e-05
5.1250e-01 2.232e-05
5.1500e-01 2.290e-05
5.1750e-01 2.350e-05
5.2000e-01 2.414e-05
5.2250e-01 2.480e-05
5.2500e-01 2.549e-05
5.2750e-01 2.622e-05
5.3000e-01 2.697e-05
5.3250e-01 2.776e-05
5.3500e-01 2.858e-05
5.3750e-01 2.944e-05
5.4000e-01 3.034e-05
5.4250e-01 3.127e-05
5.4500e-01 3.225e-05
5.4750e-01 3.327e-05
5.5000e-01 3.433e-05
5.5250e-01 3.544e-05
5.5500e-01 3.660e-05
5.5750e-01 3.781e-05
5.6000e-01 3.907e-05
5.6250e-01 4.039e-05
5.6500e-01 4.177e-05
5.6750e-01 4.320e-05
5.7000e-01 4.470e-05
5.7250e-01 4.626e-05
5.7500e-01 4.789e-05
5.7750e-01 4.960e-05
5.8000e-01 5.137e-05
5.8250e-01 5.322e-05
5.8500e-01 5.516e-05
5.8750e-01 5.717e-05
5.9000e-01 5.928e-05
5.9250e-01 6.147e-05
5.9500e-01 6.376e-05
5.9750e-01 6.615e-05
6.0000e-01 6.865e-05
6.0250e-01 7.125e-05
6.0500e-01 7.396e-05
6.0750e-01 7.680e-05
6.1000e-01 7.975e-05
6.1250e-01 8.283e-05
6.1500e-01 8.605e-05
6.1750e-01 8.940e-05
6.2000e-01 9.290e-05
6.2250e-01 9.655e-05
6.2500e-01 1.004e-04
6.2750e-01 1.043e-04
6.3000e-01 1.085e-04
6.3250e-01 1.128e-04
6.3500e-01 1.173e-04
6.3750e-01 1.220e-04
6.4000e-01 1.269e-04
6.4250e-01 1.320e-04
6.4500e-01 1.374e-04
6.4750e-01 1.429e-04
6.5000e-01 1.487e-04
6.5250e-01 1.548e-04
6.5500e-01 1.611e-04
6.5750e-01 1.677e-04
6.6000e-01 1.746e-04
6.6250e-01 1.817e-04
6.6500e-01 1.892e-04
6.6750e-01 1.970e-04
6.7000e-01 2.051e-04
6.7250e-01 2.136e-04
6.7500e-01 2.225e-04
6.7750e-01 2.317e-04
6.8000e-01 2.413e-04
6.8250e-01 2.513e-04
6.8500e-01 2.618e-04
6.8750e-01 2.727e-04
6.9000e-01 2.841e-04
6.9250e-01 2.959e-04
6.9500e-01 3.083e-04
6.9750e-01 3.212e-04
7.0000e-01 3.347e-04
7.0250e-01 3.487e-04
7.0500e-01 3.633e-04
7.0750e-01 3.786e-04
7.1000e-01 3.945e-04
7.1250e-01 4.110e-04
7.1500e-01 4.283e-04
7.1750e-01 4.463e-04
7.2000e-01 4.651e-04
7.2250e-01 4.847e-04
7.2500e-01 5.051e-04
7.2750e-01 5.264e-04
7.3000e-01 5.486e-04
7.3250e-01 5.717e-04
7.3500e-01 5.958e-04
7.3750e-01 6.210e-04
7.4000e-01 6.472e-04
7.4250e-01 6.745e-04
7.4500e-01 7.029e-04
7.4750e-01 7.326e-04
7.5000e-01 7.635e-04
7.5250e-01 7.957e-04
7.5500e-01 8.292e-04
7.5750e-01 8.642e-04
7.6000e-01 9.006e-04
7.6250e-01 9.386e-04
7.6500e-01 9.781e-04
7.6750e-01 1.019e-03
7.7000e-01 1.062e-03
7.7250e-01 1.107e-03
7.7500e-01 1.153e-03
7.7750e-01 1.202e-03
7.8000e-01 1.252e-03
7.8250e-01 1.305e-03
7.8500e-01 1.360e-03
7.8750e-01 1.417e-03
7.9000e-01 1.476e-03
7.9250e-01 1.538e-03
7.9500e-01 1.602e-03
7.9750e-01 1.669e-03
8.0000e-01 1.739e-03
8.0250e-01 1.812e-03
8.0500e-01 1.887e-03
8.0750e-01 1.966e-03
8.1000e-01 2.047e-03
8.1250e-01 2.132e-03
8.1500e-01 2.221e-03
8.1750e-01 2.313e-03
8.2000e-01 2.408e-03
8.2250e-01 2.508e-03
8.2500e-01 2.611e-03
8.2750e-01 2.719e-03
8.3000e-01 2.831e-03
8.3250e-01 2.947e-03
8.3500e-01 3.067e-03
8.3750e-01 3.193e-03
8.4000e-01 3.323e-03
8.4250e-01 3.458e-03
8.4500e-01 3.599e-03
8.4750e-01 3.745e-03
8.5000e-01 3.896e-03
8.5250e-01 4.053e-03
8.5500e-01 4.216e-03
8.5750e-01 4.385e-03
8.6000e-01 4.561e-03
8.6250e-01 4.743e-03
8.6500e-01 4.932e-03
8.6750e-01 5.127e-03
8.7000e-01 5.330e-03
8.7250e-01 5.540e-03
8.7500e-01 5.758e-03
8.7750e-01 5.983e-03
8.8000e-01 6.217e-03
8.8250e-01 6.459e-03
8.8500e-01 6.709e-03
8.8750e-01 6.968e-03
8.9000e-01 7.235e-03
8.9250e-01 7.512e-03
8.9500e-01 7.798e-03
8.9750e-01 8.094e-03
9.0000e-01 8.400e-03
9.0250e-01 8.716e-03
9.0500e-01 9.042e-03
9.0750e-01 9.379e-03
9.1000e-01 9.726e-03
9.1250e-01 1.008e-02
9.1500e-01 1.045e-02
9.1750e-01 1.084e-02
9.2000e-01 1.123e-02
9.2250e-01 1.163e-02
9.2500e-01 1.205e-02
9.2750e-01 1.248e-02
9.3000e-01 1.292e-02
9.3250e-01 1.337e-02
9.3500e-01 1.384e-02
9.3750e-01 1.432e-02
9.4000e-01 1.482e-02
9.4250e-01 1.532e-02
9.4500e-01 1.585e-02
9.4750e-01 1.638e-02
9.5000e-01 1.693e-02
9.5250e-01 1.749e-02
9.5500e-01 1.807e-02
9.5750e-01 1.866e-02
9.6000e-01 1.927e-02
9.6250e-01 1.989e-02
9.6500e-01 2.053e-02
9.6750e-01 2.118e-02
9.7000e-01 2.185e-02
9.7250e-01 2.253e-02
9.7500e-01 2.323e-02
9.7750e-01 2.394e-02
9.8000e-01 2.467e-02
9.8250e-01 2.541e-02
9.8500e-01 2.617e-02
9.8750e-01 2.694e-02
9.9000e-01 2.773e-02
9.9250e-01 2.854e-02
9.9500e-01 2.936e-02
9.9750e-01 3.020e-02
1.0000e+00 3.105e-02
1.0025e+00 3.192e-02
1.0050e+00 3.280e-02
1.0075e+00 3.370e-02
1.0100e+00 3.462e-02
1.0125e+00 3.555e-02
1.0150e+00 3.649e-02
1.0175e+00 3.746e-02
1.0200e+00 3.843e-02
1.0225e+00 3.942e-02
1.0250e+00 4.043e-02
1.0275e+00 4.146e-02
1.0300e+00 4.249e-02
1.0325e+00 4.355e-02
1.0350e+00 4.461e-02
1.0375e+00 4.570e-02
1.0400e+00 4.679e-02
1.0425e+00 4.790e-02
1.0450e+00 4.903e-02
1.0475e+00 5.017e-02
1.0500e+00 5.132e-02
1.0525e+00 5.249e-02
1.0550e+00 5.368e-02
1.0575e+00 5.487e-02
1.0600e+00 5.608e-02
1.0625e+00 5.731e-02
1.0650e+00 5.854e-02
1.0675e+00 5.979e-02
1.0700e+00 6.106e-02
1.0725e+00 6.233e-02
1.0750e+00 6.362e-02
1.0775e+00 6.492e-02
1.0800e+00 6.624e-02
1.0825e+00 6.756e-02
1.0850e+00 6.890e-02
1.0875e+00 7.026e-02
1.0900e+00 7.162e-02
1.0925e+00 7.299e-02
1.0950e+00 7.438e-02
1.0975e+00 7.578e-02
1.1000e+00 7.719e-02
1.1025e+00 7.861e-02
1.1050e+00 8.004e-02
1.1075e+00 8.149e-02
1.1100e+00 8.294e-02
1.1125e+00 8.440e-02
1.1150e+00 8.588e-02
1.1175e+00 8.736e-02
1.1200e+00 8.886e-02
1.1225e+00 9.037e-02
1.1250e+00 9.188e-02
1.1275e+00 9.341e-02
1.1300e+00 9.494e-02
1.1325e+00 9.649e-02
1.1350e+00 9.804e-02
1.1375e+00 9.961e-02
1.1400e+00 1.012e-01
1.1425e+00 1.028e-01
1.1450e+00 1.044e-01
1.1475e+00 1.060e-01
1.1500e+00 1.076e-01
1.1525e+00 1.092e-01
1.1550e+00 1.108e-01
1.1575e+00 1.124e-01
1.1600e+00 1.141e-01
1.1625e+00 1.157e-01
1.1650e+00 1.174e-01
1.1675e+00 1.191e-01
1.1700e+00 1.207e-01
1.1725e+00 1.224e-01
1.1750e+00 1.241e-01
1.1775e+00 1.258e-01
1.1800e+00 1.275e-01
1.1825e+00 1.292e-01
1.1850e+00 1.309e-01
1.1875e+00 1.327e-01
1.1900e+00 1.344e-01
1.1925e+00 1.361e-01
1.1950e+00 1.379e-01
1.1975e+00 1.396e-01
1.2000e+00 1.414e-01
