0.0000e+00 -1.493e-38
2.5000e-03 2.663e-06
5.0000e-03 5.325e-06
7.5000e-03 7.987e-06
1.0000e-02 1.065e-05
1.2500e-02 1.332e-05
1.5000e-02 1.599e-05
1.7500e-02 1.867e-05
2.0000e-02 2.135e-05
2.2500e-02 2.404e-05
2.5000e-02 2.674e-05
2.7500e-02 2.945e-05
3.0000e-02 3.217e-05
3.2500e-02 3.491e-05
3.5000e-02 3.765e-05
3.7500e-02 4.041e-05
4.0000e-02 4.318e-05
4.2500e-02 4.597e-05
4.5000e-02 4.877e-05
4.7500e-02 5.159e-05
5.0000e-02 5.442e-05
5.2500e-02 5.727e-05
5.5000e-02 6.014e-05
5.7500e-02 6.303e-05
6.0000e-02 6.593e-05
6.2500e-02 6.885e-05
6.5000e-02 7.178e-05
6.7500e-02 7.473e-05
7.0000e-02 7.770e-05
7.2500e-02 8.068e-05
7.5000e-02 8.368e-05
7.7500e-02 8.669e-05
8.0000e-02 8.971e-05
8.2500e-02 9.274e-05
8.5000e-02 9.578e-05
8.7500e-02 9.883e-05
9.0000e-02 1.019e-04
9.2500e-02 1.049e-04
9.5000e-02 1.080e-04
9.7500e-02 1.110e-04
1.0000e-01 1.141e-04
1.0250e-01 1.171e-04
1.0500e-01 1.201e-04
1.0750e-01 1.231e-04
1.1000e-01 1.260e-04
1.1250e-01 1.289e-04
1.1500e-01 1.318e-04
1.1750e-01 1.345e-04
1.2000e-01 1.372e-04
1.2250e-01 1.398e-04
1.2500e-01 1.422e-04
1.2750e-01 1.445e-04
1.3000e-01 1.466e-04
1.3250e-01 1.484e-04
1.3500e-01 1.499e-04
1.3750e-01 1.510e-04
1.4000e-01 1.515e-04
1.4250e-01 1.514e-04
1.4500e-01 1.504e-04
1.4750e-01 1.482e-04
1.5000e-01 1.445e-04
1.5250e-01 1.389e-04
1.5500e-01 1.311e-04
1.5750e-01 1.211e-04
1.6000e-01 1.094e-04
1.6250e-01 9.689e-05
1.6500e-01 8.490e-05
1.6750e-01 7.427e-05
1.7000e-01 6.530e-05
1.7250e-01 5.792e-05
1.7500e-01 5.190e-05
1.7750e-01 4.698e-05
1.8000e-01 4.291e-05
1.8250e-01 3.953e-05
1.8500e-01 3.669e-05
1.8750e-01 3.428e-05
1.9000e-01 3.221e-05
1.9250e-01 3.041e-05
1.9500e-01 2.885e-05
1.9750e-01 2.747e-05
2.0000e-01 2.626e-05
2.0250e-01 2.517e-05
2.0500e-01 2.420e-05
2.0750e-01 2.333e-05
2.1000e-01 2.254e-05
2.1250e-01 2.182e-05
2.1500e-01 2.117e-05
2.1750e-01 2.057e-05
2.2000e-01 2.002e-05
2.2250e-01 1.951e-05
2.2500e-01 1.904e-05
2.2750e-01 1.861e-05
2.3000e-01 1.821e-05
2.3250e-01 1.783e-05
2.3500e-01 1.748e-05
2.3750e-01 1.716e-05
2.4000e-01 1.685e-05
2.4250e-01 1.657e-05
2.4500e-01 1.630e-05
2.4750e-01 1.604e-05
2.5000e-01 1.581e-05
2.5250e-01 1.558e-05
2.5500e-01 1.537e-05
2.5750e-01 1.517e-05
2.6000e-01 1.498e-05
2.6250e-01 1.480e-05
2.6500e-01 1.463e-05
2.6750e-01 1.447e-05
2.7000e-01 1.431e-05
2.7250e-01 1.417e-05
2.7500e-01 1.403e-05
2.7750e-01 1.390e-05
2.8000e-01 1.378e-05
2.8250e-01 1.366e-05
2.8500e-01 1.354e-05
2.8750e-01 1.344e-05
2.9000e-01 1.334e-05
2.9250e-01 1.324e-05
2.9500e-01 1.315e-05
2.9750e-01 1.306e-05
3.0000e-01 1.298e-05
3.0250e-01 1.290e-05
3.0500e-01 1.282e-05
3.0750e-01 1.275e-05
3.1000e-01 1.269e-05
3.1250e-01 1.262e-05
3.1500e-01 1.257e-05
3.1750e-01 1.251e-05
3.2000e-01 1.246e-05
3.2250e-01 1.241e-05
3.2500e-01 1.236e-05
3.2750e-01 1.232e-05
3.3000e-01 1.228e-05
3.3250e-01 1.225e-05
3.3500e-01 1.221e-05
3.3750e-01 1.219e-05
3.4000e-01 1.216e-05
3.4250e-01 1.214e-05
3.4500e-01 1.212e-05
3.4750e-01 1.210e-05
3.5000e-01 1.209e-05
3.5250e-01 1.208e-05
3.5500e-01 1.207e-05
3.5750e-01 1.206e-05
3.6000e-01 1.206e-05
3.6250e-01 1.206e-05
3.6500e-01 1.207e-05
3.6750e-01 1.208e-05
3.7000e-01 1.209e-05
3.7250e-01 1.211e-05
3.7500e-01 1.213e-05
3.7750e-01 1.215e-05
3.8000e-01 1.217e-05
3.8250e-01 1.220e-05
3.8500e-01 1.224e-05
3.8750e-01 1.228e-05
3.9000e-01 1.232e-05
3.9250e-01 1.237e-05
3.9500e-01 1.242e-05
3.9750e-01 1.247e-05
4.0000e-01 1.253e-05
4.0250e-01 1.259e-05
4.0500e-01 1.266e-05
4.0750e-01 1.274e-05
4.1000e-01 1.282e-05
4.1250e-01 1.290e-05
4.1500e-01 1.299e-05
4.1750e-01 1.309e-05
4.2000e-01 1.319e-05
4.2250e-01 1.330e-05
4.2500e-01 1.341e-05
4.2750e-01 1.353e-05
4.3000e-01 1.366e-05
4.3250e-01 1.379e-05
4.3500e-01 1.394e-05
4.3750e-01 1.409e-05
4.4000e-01 1.424e-05
4.4250e-01 1.441e-05
4.4500e-01 1.459e-05
4.4750e-01 1.477e-05
4.5000e-01 1.496e-05
4.5250e-01 1.517e-05
4.5500e-01 1.538e-05
4.5750e-01 1.560e-05
4.6000e-01 1.584e-05
4.6250e-01 1.608e-05
4.6500e-01 1.634e-05
4.6750e-01 1.661e-05
4.7000e-01 1.690e-05
4.7250e-01 1.719e-05
4.7500e-01 1.750e-05
4.7750e-01 1.783e-05
4.8000e-01 1.817e-05
4.8250e-01 1.852e-05
4.8500e-01 1.890e-05
4.8750e-01 1.929e-05
4.9000e-01 1.969e-05
4.9250e-01 2.012e-05
4.9500e-01 2.056e-05
4.9750e-01 2.103e-05
5.0000e-01 2.152e-05
5.0250e-01 2.202e-05
5.0500e-01 2.256e-05
5.0750e-01 2.311e-05
5.1000e-01 2.369e-05
5.1250e-01 2.430e-05
5.1500e-01 2.493e-05
5.1750e-01 2.559e-05
5.2000e-01 2.628e-05
5.2250e-01 2.700e-05
5.2500e-01 2.776e-05
5.2750e-01 2.854e-05
5.3000e-01 2.937e-05
5.3250e-01 3.022e-05
5.3500e-01 3.112e-05
5.3750e-01 3.205e-05
5.4000e-01 3.303e-05
5.4250e-01 3.405e-05
5.4500e-01 3.511e-05
5.4750e-01 3.622e-05
5.5000e-01 3.738e-05
5.5250e-01 3.859e-05
5.5500e-01 3.985e-05
5.5750e-01 4.117e-05
5.6000e-01 4.254e-05
5.6250e-01 4.398e-05
5.6500e-01 4.548e-05
5.6750e-01 4.704e-05
5.7000e-01 4.867e-05
5.7250e-01 5.037e-05
5.7500e-01 5.215e-05
5.7750e-01 5.400e-05
5.8000e-01 5.593e-05
5.8250e-01 5.795e-05
5.8500e-01 6.005e-05
5.8750e-01 6.225e-05
5.9000e-01 6.454e-05
5.9250e-01 6.693e-05
5.9500e-01 6.942e-05
5.9750e-01 7.203e-05
6.0000e-01 7.474e-05
6.0250e-01 7.757e-05
6.0500e-01 8.053e-05
6.0750e-01 8.361e-05
6.1000e-01 8.683e-05
6.1250e-01 9.018e-05
6.1500e-01 9.368e-05
6.1750e-01 9.733e-05
6.2000e-01 1.011e-04
6.2250e-01 1.051e-04
6.2500e-01 1.093e-04
6.2750e-01 1.136e-04
6.3000e-01 1.181e-04
6.3250e-01 1.228e-04
6.3500e-01 1.277e-04
6.3750e-01 1.328e-04
6.4000e-01 1.382e-04
6.4250e-01 1.437e-04
6.4500e-01 1.495e-04
6.4750e-01 1.556e-04
6.5000e-01 1.619e-04
6.5250e-01 1.685e-04
6.5500e-01 1.754e-04
6.5750e-01 1.825e-04
6.6000e-01 1.900e-04
6.6250e-01 1.978e-04
6.6500e-01 2.060e-04
6.6750e-01 2.144e-04
6.7000e-01 2.233e-04
6.7250e-01 2.325e-04
6.7500e-01 2.421e-04
6.7750e-01 2.522e-04
6.8000e-01 2.626e-04
6.8250e-01 2.736e-04
6.8500e-01 2.849e-04
6.8750e-01 2.968e-04
6.9000e-01 3.092e-04
6.9250e-01 3.221e-04
6.9500e-01 3.356e-04
6.9750e-01 3.496e-04
7.0000e-01 3.642e-04
7.0250e-01 3.795e-04
7.0500e-01 3.954e-04
7.0750e-01 4.120e-04
7.1000e-01 4.293e-04
7.1250e-01 4.473e-04
7.1500e-01 4.661e-04
7.1750e-01 4.857e-04
7.2000e-01 5.061e-04
7.2250e-01 5.274e-04
7.2500e-01 5.496e-04
7.2750e-01 5.728e-04
7.3000e-01 5.969e-04
7.3250e-01 6.220e-04
7.3500e-01 6.482e-04
7.3750e-01 6.755e-04
7.4000e-01 7.040e-04
7.4250e-01 7.337e-04
7.4500e-01 7.646e-04
7.4750e-01 7.968e-04
7.5000e-01 8.304e-04
7.5250e-01 8.653e-04
7.5500e-01 9.018e-04
7.5750e-01 9.398e-04
7.6000e-01 9.793e-04
7.6250e-01 1.021e-03
7.6500e-01 1.063e-03
7.6750e-01 1.108e-03
7.7000e-01 1.155e-03
7.7250e-01 1.203e-03
7.7500e-01 1.254e-03
7.7750e-01 1.306e-03
7.8000e-01 1.361e-03
7.8250e-01 1.418e-03
7.8500e-01 1.478e-03
7.8750e-01 1.540e-03
7.9000e-01 1.604e-03
7.9250e-01 1.671e-03
7.9500e-01 1.741e-03
7.9750e-01 1.813e-03
8.0000e-01 1.889e-03
8.0250e-01 1.967e-03
8.0500e-01 2.049e-03
8.0750e-01 2.134e-03
8.1000e-01 2.223e-03
8.1250e-01 2.315e-03
8.1500e-01 2.410e-03
8.1750e-01 2.510e-03
8.2000e-01 2.613e-03
8.2250e-01 2.721e-03
8.2500e-01 2.833e-03
8.2750e-01 2.949e-03
8.3000e-01 3.070e-03
8.3250e-01 3.195e-03
8.3500e-01 3.325e-03
8.3750e-01 3.461e-03
8.4000e-01 3.601e-03
8.4250e-01 3.747e-03
8.4500e-01 3.899e-03
8.4750e-01 4.056e-03
8.5000e-01 4.219e-03
8.5250e-01 4.388e-03
8.5500e-01 4.564e-03
8.5750e-01 4.746e-03
8.6000e-01 4.935e-03
8.6250e-01 5.131e-03
8.6500e-01 5.333e-03
8.6750e-01 5.544e-03
8.7000e-01 5.761e-03
8.7250e-01 5.987e-03
8.7500e-01 6.221e-03
8.7750e-01 6.462e-03
8.8000e-01 6.713e-03
8.8250e-01 6.972e-03
8.8500e-01 7.240e-03
8.8750e-01 7.517e-03
8.9000e-01 7.803e-03
8.9250e-01 8.099e-03
8.9500e-01 8.405e-03
8.9750e-01 8.721e-03
9.0000e-01 9.047e-03
9.0250e-01 9.384e-03
9.0500e-01 9.731e-03
9.0750e-01 1.009e-02
9.1000e-01 1.046e-02
9.1250e-01 1.084e-02
9.1500e-01 1.123e-02
9.1750e-01 1.164e-02
9.2000e-01 1.206e-02
9.2250e-01 1.248e-02
9.2500e-01 1.293e-02
9.2750e-01 1.338e-02
9.3000e-01 1.385e-02
9.3250e-01 1.433e-02
9.3500e-01 1.482e-02
9.3750e-01 1.533e-02
9.4000e-01 1.585e-02
9.4250e-01 1.639e-02
9.4500e-01 1.694e-02
9.4750e-01 1.750e-02
9.5000e-01 1.808e-02
9.5250e-01 1.867e-02
9.5500e-01 1.928e-02
9.5750e-01 1.990e-02
9.6000e-01 2.054e-02
9.6250e-01 2.119e-02
9.6500e-01 2.186e-02
9.6750e-01 2.254e-02
9.7000e-01 2.324e-02
9.7250e-01 2.395e-02
9.7500e-01 2.468e-02
9.7750e-01 2.542e-02
9.8000e-01 2.618e-02
9.8250e-01 2.695e-02
9.8500e-01 2.774e-02
9.8750e-01 2.855e-02
9.9000e-01 2.937e-02
9.9250e-01 3.021e-02
9.9500e-01 3.106e-02
9.9750e-01 3.193e-02
1.0000e+00 3.281e-02
1.0025e+00 3.371e-02
1.0050e+00 3.463e-02
1.0075e+00 3.556e-02
1.0100e+00 3.651e-02
1.0125e+00 3.747e-02
1.0150e+00 3.845e-02
1.0175e+00 3.944e-02
1.0200e+00 4.045e-02
1.0225e+00 4.147e-02
1.0250e+00 4.251e-02
1.0275e+00 4.356e-02
1.0300e+00 4.463e-02
1.0325e+00 4.571e-02
1.0350e+00 4.681e-02
1.0375e+00 4.792e-02
1.0400e+00 4.905e-02
1.0425e+00 5.019e-02
1.0450e+00 5.134e-02
1.0475e+00 5.251e-02
1.0500e+00 5.369e-02
1.0525e+00 5.489e-02
1.0550e+00 5.610e-02
1.0575e+00 5.732e-02
1.0600e+00 5.856e-02
1.0625e+00 5.981e-02
1.0650e+00 6.107e-02
1.0675e+00 6.235e-02
1.0700e+00 6.364e-02
1.0725e+00 6.494e-02
1.0750e+00 6.626e-02
1.0775e+00 6.758e-02
1.0800e+00 6.892e-02
1.0825e+00 7.027e-02
1.0850e+00 7.164e-02
1.0875e+00 7.301e-02
1.0900e+00 7.440e-02
1.0925e+00 7.580e-02
1.0950e+00 7.721e-02
1.0975e+00 7.863e-02
1.1000e+00 8.006e-02
1.1025e+00 8.151e-02
1.1050e+00 8.296e-02
1.1075e+00 8.442e-02
1.1100e+00 8.590e-02
1.1125e+00 8.739e-02
1.1150e+00 8.888e-02
1.1175e+00 9.039e-02
1.1200e+00 9.190e-02
1.1225e+00 9.343e-02
1.1250e+00 9.497e-02
1.1275e+00 9.651e-02
1.1300e+00 9.807e-02
1.1325e+00 9.963e-02
1.1350e+00 1.012e-01
1.1375e+00 1.028e-01
1.1400e+00 1.044e-01
1.1425e+00 1.060e-01
1.1450e+00 1.076e-01
1.1475e+00 1.092e-01
1.1500e+00 1.108e-01
1.1525e+00 1.125e-01
1.1550e+00 1.141e-01
1.1575e+00 1.158e-01
1.1600e+00 1.174e-01
1.1625e+00 1.191e-01
1.1650e+00 1.208e-01
1.1675e+00 1.224e-01
1.1700e+00 1.241e-01
1.1725e+00 1.258e-01
1.1750e+00 1.275e-01
1.1775e+00 1.292e-01
1.1800e+00 1.310e-01
1.1825e+00 1.327e-01
1.1850e+00 1.344e-01
1.1875e+00 1.362e-01
1.1900e+00 1.379e-01
1.1925e+00 1.397e-01
1.1950e+00 1.414e-01
1.1975e+00 1.432e-01
1.2000e+00 1.450e-01
